1.98892e+30 -5458127286.36 -3.52055864699e+11 0.0 0.0
1.98892e+30 -1.61502227846e+11 -97846048187.0 0.0 0.0
1.98892e+30 2.96235692607e+11 4.01613115136e+11 0.0 0.0
1.98892e+30 2.87643775497e+11 -2.03542625554e+11 0.0 0.0
1.98892e+30 -1.49206354546e+11 4.38982096528e+11 0.0 0.0
1.98892e+30 1.76572348791e+11 2.80383720846e+11 0.0 0.0
1.98892e+30 -3.4771218972e+11 1.39987770877e+11 0.0 0.0
1.98892e+30 4.11902279044e+11 97735617520.6 0.0 0.0
1.98892e+30 77709542082.0 58120867766.6 0.0 0.0
1.98892e+30 -11216493121.9 3.25515016658e+11 0.0 0.0
1.98892e+30 4.15162220879e+11 4.09248481732e+11 0.0 0.0
1.98892e+30 -1.70187920964e+11 2.95571084853e+11 0.0 0.0
1.98892e+30 -2.82018317359e+11 1.37663186525e+11 0.0 0.0
1.98892e+30 3.22525818195e+11 4.25796999172e+11 0.0 0.0
1.98892e+30 -1.45790434374e+11 57219661671.0 0.0 0.0
1.98892e+30 2.94332422928e+11 91210668397.7 0.0 0.0
1.98892e+30 21769720877.4 -2.00791791846e+11 0.0 0.0
1.98892e+30 4.48535306495e+11 -1.83310272648e+11 0.0 0.0
1.98892e+30 -48302796889.9 -2.31216380573e+11 0.0 0.0
1.98892e+30 2.06581127871e+11 1.01802304907e+11 0.0 0.0
1.98892e+30 -3.66597439832e+11 4.43951722516e+11 0.0 0.0
1.98892e+30 -2.93822207436e+11 1.19539776107e+11 0.0 0.0
1.98892e+30 4.39758712815e+11 2.34710803261e+11 0.0 0.0
1.98892e+30 2.31333727631e+11 -1.03896123114e+11 0.0 0.0
1.98892e+30 -2.81690394469e+11 -2.14653285764e+11 0.0 0.0
1.98892e+30 -28028288627.3 -4.01240914929e+11 0.0 0.0
1.98892e+30 89621648607.4 59804105736.5 0.0 0.0
1.98892e+30 4.15650268982e+11 35916486089.2 0.0 0.0
1.98892e+30 -1.69608261295e+11 -4.2048971928e+11 0.0 0.0
1.98892e+30 1.9614952419e+11 -4.41588028853e+11 0.0 0.0
1.98892e+30 24196965211.2 -3.48068077352e+11 0.0 0.0
1.98892e+30 -1.8718691155e+11 -2.30263440233e+11 0.0 0.0
1.98892e+30 -2.24740903105e+11 -1.61595071944e+11 0.0 0.0
1.98892e+30 1.28991785095e+11 -3.93737405074e+11 0.0 0.0
1.98892e+30 -1.01945844095e+11 -2.937137081e+11 0.0 0.0
1.98892e+30 -3.68153680939e+11 -2.59730674168e+11 0.0 0.0
1.98892e+30 -1.27823984215e+11 -2.92702663968e+11 0.0 0.0
1.98892e+30 1.57431793607e+11 4.22383306321e+11 0.0 0.0
1.98892e+30 -1.97696549159e+11 -2.66780946346e+11 0.0 0.0
1.98892e+30 -1.56077380483e+11 3.87991809398e+11 0.0 0.0
1.98892e+30 1.57809294097e+11 2.61057570121e+11 0.0 0.0
1.98892e+30 85946762021.8 3.47526267855e+11 0.0 0.0
1.98892e+30 1.95844895221e+11 3.92866603411e+11 0.0 0.0
1.98892e+30 1.74033496447e+11 -2.99803169041e+11 0.0 0.0
1.98892e+30 -1.46823237839e+11 -2.92224496982e+11 0.0 0.0
1.98892e+30 3.45197025364e+11 -50963586099.5 0.0 0.0
1.98892e+30 -3.69718930979e+11 1.10079722465e+11 0.0 0.0
1.98892e+30 2.62046632516e+11 1.45606201022e+11 0.0 0.0
1.98892e+30 -4.26701590125e+11 -4.23609268432e+11 0.0 0.0
1.98892e+30 1.59292733658e+11 -16633925046.2 0.0 0.0
1.98892e+30 3.1048527422e+11 -2.70312751601e+11 0.0 0.0
1.98892e+30 -88441787279.8 -3.78161209478e+11 0.0 0.0
1.98892e+30 -2.41792383072e+11 1.89838632316e+11 0.0 0.0
1.98892e+30 3.95138184347e+11 71414898566.2 0.0 0.0
1.98892e+30 1.71909218159e+11 1.40691319434e+11 0.0 0.0
1.98892e+30 -3.89548629317e+11 11989205544.3 0.0 0.0
1.98892e+30 -3.65425047777e+11 2.90569399377e+11 0.0 0.0
1.98892e+30 2.72946319684e+11 -3.77125646018e+11 0.0 0.0
1.98892e+30 87384555970.8 -1550493331.54 0.0 0.0
1.98892e+30 3.15130297306e+11 47821455643.2 0.0 0.0
1.98892e+30 50581352124.2 -68025007862.3 0.0 0.0
1.98892e+30 -3.32245448238e+11 1.90726809655e+11 0.0 0.0
1.98892e+30 -4.27171629948e+11 1.53251096306e+11 0.0 0.0
1.98892e+30 3.88319611586e+11 1383142143.38 0.0 0.0
1.98892e+30 -73735599653.9 -99398543775.0 0.0 0.0
1.98892e+30 2.06425403123e+11 -1.24881911853e+11 0.0 0.0
1.98892e+30 -3.06963663627e+11 3.76022724875e+11 0.0 0.0
1.98892e+30 -91839164839.3 -2.08532964123e+11 0.0 0.0
1.98892e+30 1.22398976457e+11 73067296121.2 0.0 0.0
1.98892e+30 -1.76986005551e+11 -4.26061382105e+11 0.0 0.0
1.98892e+30 28918295073.0 -3.15551703229e+11 0.0 0.0
1.98892e+30 4.41133099522e+11 33206762117.3 0.0 0.0
1.98892e+30 -2.73331095894e+11 -1.03763506073e+11 0.0 0.0
1.98892e+30 -1.86124483103e+11 -4.22224274533e+11 0.0 0.0
1.98892e+30 -1.39699893723e+11 1.75189128199e+11 0.0 0.0
1.98892e+30 -2.84338108691e+11 1.31133723979e+11 0.0 0.0
1.98892e+30 -3.01410987692e+11 -2.74011346998e+11 0.0 0.0
1.98892e+30 1.42029612073e+11 -2.485053024e+11 0.0 0.0
1.98892e+30 -1.14621993509e+11 3.56207841389e+11 0.0 0.0
1.98892e+30 -55095007359.0 -2.9092013328e+11 0.0 0.0
1.98892e+30 -97133050233.2 -3.31246511897e+11 0.0 0.0
1.98892e+30 25292255903.7 -4.48216790036e+11 0.0 0.0
1.98892e+30 -3.92028365463e+11 2.61646333187e+11 0.0 0.0
1.98892e+30 2.63852889149e+11 -3694675253.39 0.0 0.0
1.98892e+30 3.38120752267e+11 -3.39491058792e+11 0.0 0.0
1.98892e+30 -2.42543330567e+11 2.01518727049e+11 0.0 0.0
1.98892e+30 -4.3982457192e+11 4.21852928981e+11 0.0 0.0
1.98892e+30 3.9551980719e+11 -3.85205426556e+11 0.0 0.0
1.98892e+30 1.0482772768e+11 -3.53031235807e+11 0.0 0.0
1.98892e+30 3.99581593428e+11 3.40132669527e+11 0.0 0.0
1.98892e+30 2.94479135832e+11 2.71136351821e+11 0.0 0.0
1.98892e+30 1.12367806922e+11 2.50947519658e+11 0.0 0.0
1.98892e+30 3.43171989487e+11 3.97850042833e+11 0.0 0.0
1.98892e+30 1.56864942832e+11 2.80706248774e+11 0.0 0.0
1.98892e+30 -3.33227818992e+11 4.39624745247e+11 0.0 0.0
1.98892e+30 14264787762.2 2.43566094995e+11 0.0 0.0
1.98892e+30 -11118445760.3 -61177470470.5 0.0 0.0
1.98892e+30 1.73353257957e+11 2.96620409425e+11 0.0 0.0
1.98892e+30 -1.17933994406e+11 -2.9195033601e+11 0.0 0.0
1.98892e+30 3.75150147708e+11 -2.21876068782e+11 0.0 0.0
1.98892e+30 -2.21041304238e+11 99384884922.7 0.0 0.0
1.98892e+30 1.91866391634e+11 3.05606445499e+11 0.0 0.0
1.98892e+30 81364531200.1 3.11757201685e+11 0.0 0.0
1.98892e+30 -1.71169078376e+11 2.96825786167e+11 0.0 0.0
1.98892e+30 3.66540337705e+11 -2.69990106288e+11 0.0 0.0
1.98892e+30 2.40067384148e+11 -33596646223.2 0.0 0.0
1.98892e+30 -93424023681.3 2.17355620121e+11 0.0 0.0
1.98892e+30 3.07382658879e+11 -3.022478062e+11 0.0 0.0
1.98892e+30 -3.85485520634e+11 -1.40501958228e+11 0.0 0.0
1.98892e+30 -3.17667170772e+11 57174365006.5 0.0 0.0
1.98892e+30 -3.24995099773e+11 -69968507108.4 0.0 0.0
1.98892e+30 3.71788700568e+11 -3.91433588693e+11 0.0 0.0
1.98892e+30 -4.45673232241e+11 75941838241.6 0.0 0.0
1.98892e+30 1.97543309441e+11 -47562113477.5 0.0 0.0
1.98892e+30 -1.42213174316e+11 -3.857036822e+11 0.0 0.0
1.98892e+30 -3.92297897257e+11 68215422775.0 0.0 0.0
1.98892e+30 1.82795760457e+11 -2.01974783476e+11 0.0 0.0
1.98892e+30 3.59636809779e+11 1.2361616694e+11 0.0 0.0
1.98892e+30 -3.30421194278e+11 -1.64012359485e+11 0.0 0.0
1.98892e+30 -4.17847215847e+11 -2.7607082936e+11 0.0 0.0
1.98892e+30 14090007548.8 2.16993540345e+11 0.0 0.0
1.98892e+30 2.2840671515e+11 67683665526.6 0.0 0.0
1.98892e+30 2.48274246805e+11 2.13183792322e+11 0.0 0.0
1.98892e+30 3.00408882029e+11 1.83525846633e+11 0.0 0.0
1.98892e+30 3.63552657138e+11 3.95662907853e+11 0.0 0.0
1.98892e+30 -84535903467.4 -2.54271102431e+11 0.0 0.0
1.98892e+30 -88279603679.0 3.80796287657e+11 0.0 0.0
1.98892e+30 1.99646321283e+11 -1.58609353151e+11 0.0 0.0
1.98892e+30 -2.54456201687e+11 -4.35813662681e+11 0.0 0.0
1.98892e+30 3.29544161632e+11 -4.17820549541e+11 0.0 0.0
1.98892e+30 2.01297304565e+11 3.68119550568e+11 0.0 0.0
1.98892e+30 -3.64544692257e+11 3.85667157399e+11 0.0 0.0
1.98892e+30 -1.50905792661e+11 -3.50443507834e+11 0.0 0.0
1.98892e+30 -2.42512907995e+11 -1.63504391558e+11 0.0 0.0
1.98892e+30 2.41425766426e+11 -1.73150520839e+11 0.0 0.0
1.98892e+30 -2.71921871388e+11 -3.51046953608e+11 0.0 0.0
1.98892e+30 -3.6034490807e+11 -2.27202986594e+11 0.0 0.0
1.98892e+30 31973903522.7 1.15215175674e+11 0.0 0.0
1.98892e+30 -2.76864094387e+11 3.00564943917e+11 0.0 0.0
1.98892e+30 2.81898230072e+11 3.89255999104e+11 0.0 0.0
1.98892e+30 -3.70079091337e+11 30279960116.8 0.0 0.0
1.98892e+30 -2.15375721008e+11 -2.19379200503e+11 0.0 0.0
1.98892e+30 4.05989242789e+11 -2.75267216211e+11 0.0 0.0
1.98892e+30 2.21825049022e+11 1.16852030649e+11 0.0 0.0
1.98892e+30 3.6073966373e+11 1.33654916841e+11 0.0 0.0
1.98892e+30 3.01330941558e+11 -4.42886356525e+11 0.0 0.0
1.98892e+30 59766745909.4 -2.61920894276e+11 0.0 0.0
1.98892e+30 1.72801814594e+11 3.82184330991e+11 0.0 0.0
1.98892e+30 -1.12412233932e+11 13193381137.6 0.0 0.0
1.98892e+30 2.89715641895e+11 -96412671642.1 0.0 0.0
1.98892e+30 1.03896778208e+11 41365808140.4 0.0 0.0
1.98892e+30 2.25874368235e+11 -2.73069254803e+11 0.0 0.0
1.98892e+30 1.41356041035e+11 -2.19740099216e+11 0.0 0.0
1.98892e+30 -1.239645769e+11 4.11838723989e+11 0.0 0.0
1.98892e+30 3.76548725564e+11 1.20370063267e+11 0.0 0.0
1.98892e+30 1.44877662011e+11 81931641026.4 0.0 0.0
1.98892e+30 -2.11324762746e+11 42747418667.4 0.0 0.0
1.98892e+30 1.84420643519e+11 26423173761.2 0.0 0.0
1.98892e+30 1.14699345896e+11 3.68087660622e+11 0.0 0.0
1.98892e+30 4.01948172502e+11 2.4186324883e+11 0.0 0.0
1.98892e+30 -63089032500.5 2.51784888653e+11 0.0 0.0
1.98892e+30 -3.07052695539e+11 1.09063125879e+11 0.0 0.0
1.98892e+30 -71563700808.7 -2.27950528378e+11 0.0 0.0
1.98892e+30 -1.71912691987e+11 -1.08619530482e+11 0.0 0.0
1.98892e+30 -3.20569191085e+11 -3.45729637482e+11 0.0 0.0
1.98892e+30 4.23033766936e+11 1.80996667939e+11 0.0 0.0
1.98892e+30 2.68128421474e+11 35732967960.9 0.0 0.0
1.98892e+30 -79975015011.5 56261056241.2 0.0 0.0
1.98892e+30 -2.94105984804e+11 1.25311268188e+11 0.0 0.0
1.98892e+30 -35717328147.4 -7821365118.25 0.0 0.0
1.98892e+30 -2.14822825401e+11 -2.88156593675e+11 0.0 0.0
1.98892e+30 64391189575.1 -1.90065828791e+11 0.0 0.0
1.98892e+30 4.2799572272e+11 3.77423067718e+11 0.0 0.0
1.98892e+30 -3.41884845408e+11 1.11970834344e+11 0.0 0.0
1.98892e+30 1842460348.94 -3.4663980853e+11 0.0 0.0
1.98892e+30 1.13882236324e+11 -2.06395186352e+11 0.0 0.0
1.98892e+30 -46769231098.1 3.82703512602e+11 0.0 0.0
1.98892e+30 -2.9185875114e+11 -3.93987539829e+11 0.0 0.0
1.98892e+30 -49924093558.6 -1.39663297952e+11 0.0 0.0
1.98892e+30 -1.58582956304e+11 2.12157971322e+11 0.0 0.0
1.98892e+30 4.48193634725e+11 -1.2793130913e+11 0.0 0.0
1.98892e+30 3.89488933302e+11 1.03614063244e+11 0.0 0.0
1.98892e+30 -4.0833725442e+11 3.02274606409e+11 0.0 0.0
1.98892e+30 2.77002488017e+11 1.09663120645e+11 0.0 0.0
1.98892e+30 2.76083755665e+11 -1.57735972068e+11 0.0 0.0
1.98892e+30 3.13276221522e+11 -4.09500726272e+11 0.0 0.0
1.98892e+30 2.19084606684e+11 -1.36979754541e+11 0.0 0.0
1.98892e+30 -2.70137349089e+11 -3.64773929699e+11 0.0 0.0
1.98892e+30 -1.71537416432e+11 55319762584.0 0.0 0.0
1.98892e+30 33250208734.1 4.16199717555e+11 0.0 0.0
1.98892e+30 1.33630765597e+11 2.96639235071e+11 0.0 0.0
1.98892e+30 2.89754824224e+11 -58930032204.8 0.0 0.0
1.98892e+30 -2.79530636253e+11 -3.11620536871e+11 0.0 0.0
1.98892e+30 1.8117392283e+11 5561320978.11 0.0 0.0
1.98892e+30 -44377265761.5 2.87958896559e+11 0.0 0.0
1.98892e+30 2.40307506806e+11 76748579102.4 0.0 0.0
1.98892e+30 79594358876.3 1.98502564343e+11 0.0 0.0
1.98892e+30 -94800854327.6 2362641179.52 0.0 0.0
1.98892e+30 3.76813927504e+11 -2.03321854393e+11 0.0 0.0
1.98892e+30 2.09778122669e+11 3.15559010589e+11 0.0 0.0
1.98892e+30 3.13522158728e+11 -3.32258190427e+11 0.0 0.0
1.98892e+30 -1.82595725781e+11 3.13810601279e+11 0.0 0.0
1.98892e+30 -3.00141015651e+11 -2.48775320564e+11 0.0 0.0
1.98892e+30 -2.44112301621e+11 -3.9719862039e+11 0.0 0.0
1.98892e+30 -1.64764565842e+11 -81316444496.4 0.0 0.0
1.98892e+30 3.20429263061e+11 2.48841539176e+11 0.0 0.0
1.98892e+30 2.92498621292e+11 33332178239.3 0.0 0.0
1.98892e+30 -4.15234928079e+11 2.82010852294e+11 0.0 0.0
1.98892e+30 -2.98388164538e+11 56726813025.2 0.0 0.0
1.98892e+30 70836432453.7 1.76219927455e+11 0.0 0.0
1.98892e+30 1.74077784167e+11 1.89506540435e+11 0.0 0.0
1.98892e+30 -58886379694.8 -2.18379442163e+11 0.0 0.0
1.98892e+30 158908755.544 3.05489050907e+11 0.0 0.0
1.98892e+30 -46345612272.3 68700355958.0 0.0 0.0
1.98892e+30 -3.78021366106e+11 -3.72775226543e+11 0.0 0.0
1.98892e+30 50124943041.0 -16312666420.4 0.0 0.0
1.98892e+30 -1.92036334011e+11 46368615776.8 0.0 0.0
1.98892e+30 -2.00905418832e+11 -4.15710443491e+11 0.0 0.0
1.98892e+30 2.33576366636e+11 1.28457641983e+11 0.0 0.0
1.98892e+30 44549084734.6 22981996874.3 0.0 0.0
1.98892e+30 -17531798288.2 -1.96196020747e+11 0.0 0.0
1.98892e+30 96481050362.1 -3.76365597687e+11 0.0 0.0
1.98892e+30 3.87242456611e+11 1.431933871e+11 0.0 0.0
1.98892e+30 -3.63774782943e+11 -2.52739013217e+11 0.0 0.0
1.98892e+30 -75988730882.6 -2.04106148269e+11 0.0 0.0
1.98892e+30 4.07617970145e+11 -1.60265736314e+11 0.0 0.0
1.98892e+30 3.67373977405e+11 4.01334785311e+11 0.0 0.0
1.98892e+30 -3.6403668208e+11 -57076676536.8 0.0 0.0
1.98892e+30 2.81127895313e+11 -2.77261322104e+11 0.0 0.0
1.98892e+30 2.64873468692e+11 -1.28887114849e+11 0.0 0.0
1.98892e+30 71092542868.0 -65789493391.8 0.0 0.0
1.98892e+30 -4.03801373803e+11 1.51297411004e+11 0.0 0.0
1.98892e+30 -4.43808396805e+11 48903967392.4 0.0 0.0
1.98892e+30 1.65076797444e+11 63037454512.2 0.0 0.0
1.98892e+30 -49158851736.5 2.65254294165e+11 0.0 0.0
1.98892e+30 -1.06118123058e+11 -3.2797614517e+11 0.0 0.0
1.98892e+30 -1.16521910006e+11 -1.43261979553e+11 0.0 0.0
1.98892e+30 -1.41746398069e+11 3.50441701254e+11 0.0 0.0
1.98892e+30 1.05198116251e+11 -96689288484.8 0.0 0.0
1.98892e+30 4.23805782904e+11 -2.408452873e+11 0.0 0.0
1.98892e+30 -2.55565612681e+11 3.63015977392e+11 0.0 0.0
1.98892e+30 -3.85570338685e+11 3.68501078984e+11 0.0 0.0
1.98892e+30 3.57679333623e+11 1.14226900133e+11 0.0 0.0
1.98892e+30 -76912444049.0 -3.77597988097e+11 0.0 0.0
1.98892e+30 4.4451543263e+11 71728681851.4 0.0 0.0
1.98892e+30 -16242581901.6 2.43254099831e+11 0.0 0.0
1.98892e+30 -1.62319640181e+11 1.59683359227e+11 0.0 0.0
1.98892e+30 -4.32410059361e+11 -4.26449017819e+11 0.0 0.0
1.98892e+30 -2.75218146626e+11 -63022411462.0 0.0 0.0
1.98892e+30 -2.18111898056e+11 1.3900803538e+11 0.0 0.0
1.98892e+30 -3.71958791577e+11 2.21199283578e+11 0.0 0.0
1.98892e+30 80929093409.6 -3.73210158573e+11 0.0 0.0
1.98892e+30 -4.20668956514e+11 57493961764.2 0.0 0.0
1.98892e+30 1.42943569484e+11 -1.71522126503e+11 0.0 0.0
1.98892e+30 -1.66049022506e+11 -3.86028188309e+11 0.0 0.0
1.98892e+30 65350037591.3 3.11129262901e+11 0.0 0.0
1.98892e+30 29055333373.8 1.29175516209e+11 0.0 0.0
1.98892e+30 89912427001.7 2.1152193071e+11 0.0 0.0
1.98892e+30 -2.18362565794e+11 2.97444157629e+11 0.0 0.0
1.98892e+30 6909169475.01 3.14252468481e+11 0.0 0.0
1.98892e+30 -1.19735593152e+11 10180476336.7 0.0 0.0
1.98892e+30 -86997140739.4 -2.13549473822e+11 0.0 0.0
1.98892e+30 -1.90105371296e+11 2.20690809948e+11 0.0 0.0
1.98892e+30 -1.23247566133e+11 2.63966231938e+11 0.0 0.0
1.98892e+30 -2.58940678173e+11 1.44231733547e+11 0.0 0.0
1.98892e+30 4.38888792699e+11 -1.72217743347e+11 0.0 0.0
1.98892e+30 3.98993171151e+11 3.84939877521e+11 0.0 0.0
1.98892e+30 -3.26898772556e+11 -43869095276.7 0.0 0.0
1.98892e+30 2.88814166211e+11 -3.70021325631e+11 0.0 0.0
1.98892e+30 -4.260175783e+11 -2.69931493569e+11 0.0 0.0
1.98892e+30 -1.24563202484e+11 -3.00381785466e+11 0.0 0.0
1.98892e+30 2.84827075729e+11 2.0459569176e+11 0.0 0.0
1.98892e+30 3.99921407694e+11 11185737871.9 0.0 0.0
1.98892e+30 4.40400046497e+11 -2.02456732934e+11 0.0 0.0
1.98892e+30 -1.03849046072e+11 -4.44422899466e+11 0.0 0.0
1.98892e+30 -2.88889539907e+11 52234199025.3 0.0 0.0
1.98892e+30 -1.67864066302e+11 -4.25563496122e+11 0.0 0.0
1.98892e+30 4.00673905079e+11 97949180655.1 0.0 0.0
1.98892e+30 -1.72838076579e+11 1.39061463762e+11 0.0 0.0
1.98892e+30 4.26137962842e+11 -2.83998442189e+11 0.0 0.0
1.98892e+30 1.45423827717e+11 -1.19710799858e+11 0.0 0.0
1.98892e+30 4.17794734103e+11 -2.52506257616e+11 0.0 0.0
1.98892e+30 -2.25413675551e+11 -1041213483.08 0.0 0.0
1.98892e+30 -59905164081.8 4.07273840762e+11 0.0 0.0
1.98892e+30 3.49210721105e+11 2.8438962524e+11 0.0 0.0
1.98892e+30 1.72496173048e+11 4.13456012765e+11 0.0 0.0
1.98892e+30 4.14684317391e+11 -2.43333118287e+11 0.0 0.0
1.98892e+30 -2.69178165191e+11 64842699331.2 0.0 0.0
1.98892e+30 1.08200477912e+11 -1.14582573272e+11 0.0 0.0
1.98892e+30 -3.80143912124e+11 -1.17194276501e+11 0.0 0.0
1.98892e+30 2.39538885974e+11 -2.84683498374e+11 0.0 0.0
1.98892e+30 3.49166217944e+11 98179714484.4 0.0 0.0
1.98892e+30 98220449304.7 -3.61745364218e+11 0.0 0.0
1.98892e+30 -2.82511826592e+11 -2.44277144403e+11 0.0 0.0
1.98892e+30 -76748532479.7 -70040188723.6 0.0 0.0
1.98892e+30 4.36151368926e+11 37747369670.8 0.0 0.0
1.98892e+30 1.07266153599e+11 4.17381010652e+11 0.0 0.0
1.98892e+30 -1.84497795135e+11 -18179213505.7 0.0 0.0
1.98892e+30 -3.61656003733e+11 1.79231803568e+11 0.0 0.0
1.98892e+30 -3.66622297649e+11 -1.00382131245e+11 0.0 0.0
1.98892e+30 21531330247.0 2.70692302707e+11 0.0 0.0
1.98892e+30 4.07472931294e+11 -47321604145.0 0.0 0.0
1.98892e+30 -62477088387.4 2.45382382001e+11 0.0 0.0
1.98892e+30 57534859914.7 -2.43070427147e+11 0.0 0.0
1.98892e+30 -2.3804451976e+11 2.63881635372e+11 0.0 0.0
1.98892e+30 1.02863310718e+11 -4.33900062098e+11 0.0 0.0
1.98892e+30 -2.3733786724e+11 2.93539613245e+11 0.0 0.0
1.98892e+30 53941834384.4 2.52188149839e+11 0.0 0.0
1.98892e+30 -2.49047847634e+11 -3.14888401146e+11 0.0 0.0
1.98892e+30 -1.56833570386e+11 -1.27626503726e+11 0.0 0.0
1.98892e+30 1.01428520323e+11 -3.33829090877e+11 0.0 0.0
1.98892e+30 1.1672934579e+11 -2.09690787059e+11 0.0 0.0
1.98892e+30 -4.21971945485e+11 -2.69439770907e+11 0.0 0.0
1.98892e+30 -3.3667633845e+11 -35120237503.5 0.0 0.0
1.98892e+30 -3.49774676958e+11 -3.44848403806e+11 0.0 0.0
1.98892e+30 -88200235922.6 -1.18580192394e+11 0.0 0.0
1.98892e+30 -4897490541.13 194258523.484 0.0 0.0
1.98892e+30 -3.37682579753e+11 -3.08194635416e+11 0.0 0.0
1.98892e+30 -4.04108217881e+11 -1.60274170147e+11 0.0 0.0
1.98892e+30 3.41334969535e+11 2.88446460777e+11 0.0 0.0
1.98892e+30 3.69212898608e+11 -2.62184743279e+11 0.0 0.0
1.98892e+30 -33742966672.1 -88761229471.2 0.0 0.0
1.98892e+30 -3.13082438838e+11 4.11367697494e+11 0.0 0.0
1.98892e+30 -1.10874038682e+11 -3.28370500998e+11 0.0 0.0
1.98892e+30 -69108193722.3 80234726893.6 0.0 0.0
1.98892e+30 -2.00624094263e+11 -4.3865864284e+11 0.0 0.0
1.98892e+30 10620796861.4 88437320362.0 0.0 0.0
1.98892e+30 -3.57525479988e+11 -3.68092597287e+11 0.0 0.0
1.98892e+30 -1.54224763766e+11 4.06470622063e+11 0.0 0.0
1.98892e+30 2.68114611263e+11 14342211391.4 0.0 0.0
1.98892e+30 -95582033852.4 59328205299.8 0.0 0.0
1.98892e+30 -69142701170.7 -1.69967261805e+11 0.0 0.0
1.98892e+30 -3.90210513487e+11 -3.01952797627e+11 0.0 0.0
1.98892e+30 63857852855.1 1.53996421467e+11 0.0 0.0
1.98892e+30 -2.57899564574e+11 4.42807926907e+11 0.0 0.0
1.98892e+30 2.68341976109e+11 -3.08042902854e+11 0.0 0.0
1.98892e+30 1.11743492127e+11 -63975730036.7 0.0 0.0
1.98892e+30 2.65877887932e+11 2.31577005398e+11 0.0 0.0
1.98892e+30 1.86919729429e+11 -3.80609285005e+11 0.0 0.0
1.98892e+30 -21561371843.6 -1.62713809297e+11 0.0 0.0
1.98892e+30 1.77795049854e+11 -45076300213.9 0.0 0.0
1.98892e+30 -60486850420.5 -4.19635736771e+11 0.0 0.0
1.98892e+30 1.0693722238e+11 1.9951389169e+11 0.0 0.0
1.98892e+30 -45165936314.2 -2.82130855607e+11 0.0 0.0
1.98892e+30 92347046020.5 3.56162843831e+11 0.0 0.0
1.98892e+30 2.41482300546e+11 -2.5572152995e+11 0.0 0.0
1.98892e+30 3.45618009935e+11 -1.00344380658e+11 0.0 0.0
1.98892e+30 4.07346059531e+11 -72217775149.9 0.0 0.0
1.98892e+30 -34925832256.8 42350354246.0 0.0 0.0
1.98892e+30 -2.84547521753e+11 1.81818991287e+11 0.0 0.0
1.98892e+30 2.46715740691e+11 3.4571602254e+11 0.0 0.0
1.98892e+30 -1.33250541797e+11 4.31104005031e+11 0.0 0.0
1.98892e+30 39767528244.4 3.75105718455e+11 0.0 0.0
1.98892e+30 3.10519754407e+11 -1.45051314106e+11 0.0 0.0
1.98892e+30 -90827656403.3 -5529566412.22 0.0 0.0
1.98892e+30 3.6647472022e+11 4.16138742464e+11 0.0 0.0
1.98892e+30 2.61477889709e+11 88095910346.9 0.0 0.0
1.98892e+30 2.72722091258e+11 4.00812967189e+11 0.0 0.0
1.98892e+30 1.67167540616e+11 2.46020271137e+11 0.0 0.0
1.98892e+30 -3.67038226034e+11 -3.40078851321e+11 0.0 0.0
1.98892e+30 4.45494749781e+11 1.28229065997e+11 0.0 0.0
1.98892e+30 -1910729371.64 1.9077045621e+11 0.0 0.0
1.98892e+30 -1.08210041503e+11 -54352345008.2 0.0 0.0
1.98892e+30 1.31241437963e+11 2.67388499582e+11 0.0 0.0
1.98892e+30 -4.12822697056e+11 5860421428.17 0.0 0.0
1.98892e+30 -99408177617.5 -41529854691.0 0.0 0.0
1.98892e+30 -2.4318609846e+11 1.48618845035e+11 0.0 0.0
1.98892e+30 -3.65441267915e+11 -41168466563.2 0.0 0.0
1.98892e+30 -1.43312810594e+11 2.87173672064e+11 0.0 0.0
1.98892e+30 -1.15766994143e+11 -4.29244427523e+11 0.0 0.0
1.98892e+30 2.55482638401e+11 1.57969884652e+11 0.0 0.0
1.98892e+30 4.40868656345e+11 3.28397365542e+11 0.0 0.0
1.98892e+30 4.38058807747e+11 -2.82743721411e+11 0.0 0.0
1.98892e+30 -88922486504.3 -3.94567309497e+11 0.0 0.0
1.98892e+30 -2.28770407534e+11 -4.29384491432e+11 0.0 0.0
1.98892e+30 3.6878875989e+11 -2.48071522223e+11 0.0 0.0
1.98892e+30 3.72195172556e+11 3.718493472e+11 0.0 0.0
1.98892e+30 3.24455385556e+11 76055289496.8 0.0 0.0
1.98892e+30 75454528751.6 76760251542.6 0.0 0.0
1.98892e+30 18352151310.5 -95246457442.3 0.0 0.0
1.98892e+30 1.4557448789e+11 2.84600565404e+11 0.0 0.0
1.98892e+30 -4.36154374674e+11 -2.16191059896e+11 0.0 0.0
1.98892e+30 -2.04195528806e+11 -1.0560006755e+11 0.0 0.0
1.98892e+30 2.17245681506e+11 -60445968043.3 0.0 0.0
1.98892e+30 -3.91064833126e+11 4.11074159012e+11 0.0 0.0
1.98892e+30 -22529537068.0 -44245209569.1 0.0 0.0
1.98892e+30 4.27601171468e+11 1.86139380213e+11 0.0 0.0
1.98892e+30 2.82484475388e+11 -74890975337.3 0.0 0.0
1.98892e+30 2.80552707043e+11 -3.55708898647e+11 0.0 0.0
1.98892e+30 95419050551.3 49251862240.7 0.0 0.0
1.98892e+30 802451441.725 2876542513.73 0.0 0.0
1.98892e+30 3.04189839914e+11 -1.85811287446e+11 0.0 0.0
1.98892e+30 -2.47032294529e+11 12496530097.9 0.0 0.0
1.98892e+30 -43576750902.8 -56633437321.4 0.0 0.0
1.98892e+30 3.31167466966e+11 -4.01652108936e+11 0.0 0.0
1.98892e+30 3.52959567103e+11 98261349210.9 0.0 0.0
1.98892e+30 2.62326851394e+11 2.08970870805e+11 0.0 0.0
1.98892e+30 -2.73563916872e+11 1.50094102132e+11 0.0 0.0
1.98892e+30 3.2080949188e+11 3.1321998115e+11 0.0 0.0
1.98892e+30 -2.56288749396e+11 -3.2411702743e+11 0.0 0.0
1.98892e+30 -1.0813679009e+11 -3.15542161674e+11 0.0 0.0
1.98892e+30 -61457389160.8 1.04732925807e+11 0.0 0.0
1.98892e+30 -1.05109725552e+11 1.26428435181e+11 0.0 0.0
1.98892e+30 -4.18309371892e+11 1.22886403442e+11 0.0 0.0
1.98892e+30 -85428918523.7 -3.45570858205e+11 0.0 0.0
1.98892e+30 1.63694512539e+11 70213951972.4 0.0 0.0
1.98892e+30 73625675639.1 -3.95611678688e+11 0.0 0.0
1.98892e+30 97723428104.8 3.19700143343e+11 0.0 0.0
1.98892e+30 10175651065.3 -3.58224408405e+11 0.0 0.0
1.98892e+30 -73077107978.1 -38804065232.1 0.0 0.0
1.98892e+30 -80492972630.8 7958228872.31 0.0 0.0
1.98892e+30 -2.52088344687e+11 1.92052272819e+11 0.0 0.0
1.98892e+30 -3.57890057585e+11 50169673806.6 0.0 0.0
1.98892e+30 -2.4840329639e+11 3.77182243167e+11 0.0 0.0
1.98892e+30 3.83918474784e+11 3.64124576111e+11 0.0 0.0
1.98892e+30 3.6663184922e+11 -19321106539.8 0.0 0.0
1.98892e+30 2.59454247947e+11 1.36895914781e+11 0.0 0.0
1.98892e+30 -1.11120488093e+11 2.32967228287e+11 0.0 0.0
1.98892e+30 -3.60311461716e+11 1.58182584056e+11 0.0 0.0
1.98892e+30 1.44579213817e+11 -3.48842960929e+11 0.0 0.0
1.98892e+30 1.42604569755e+11 2.72897994431e+11 0.0 0.0
1.98892e+30 -3.3795271704e+11 2.73235676343e+11 0.0 0.0
1.98892e+30 -4.142058071e+11 -2.55179052611e+11 0.0 0.0
1.98892e+30 -21653505232.5 -61168304780.8 0.0 0.0
1.98892e+30 -1.77986511779e+11 3.81814525543e+11 0.0 0.0
1.98892e+30 1.87688760817e+11 -1.70093409921e+11 0.0 0.0
1.98892e+30 -2.30572543634e+11 1.22858467729e+11 0.0 0.0
1.98892e+30 -1.06537673693e+11 3.85276991292e+11 0.0 0.0
1.98892e+30 -28030536160.8 -2.43004202736e+11 0.0 0.0
1.98892e+30 -3.99364535745e+11 -1.52689354439e+11 0.0 0.0
1.98892e+30 -80308418065.4 2.4856132293e+11 0.0 0.0
1.98892e+30 3.61848721296e+11 -1.17031770738e+11 0.0 0.0
1.98892e+30 -37872365671.7 -3.93432503852e+11 0.0 0.0
1.98892e+30 -3.97608802219e+11 -3.28819485256e+11 0.0 0.0
1.98892e+30 2.71615011076e+11 2.44762920544e+11 0.0 0.0
1.98892e+30 -1.15652975989e+11 -1.83328160604e+11 0.0 0.0
1.98892e+30 -3.34644940766e+11 4.28792762908e+11 0.0 0.0
1.98892e+30 -1.83839250876e+11 3.24749284152e+11 0.0 0.0
1.98892e+30 3.58895472309e+11 33321578449.2 0.0 0.0
1.98892e+30 -2.17806315017e+11 1.21233792002e+11 0.0 0.0
1.98892e+30 3.05513723885e+11 2.08702866732e+11 0.0 0.0
1.98892e+30 63594225451.2 95261498937.0 0.0 0.0
1.98892e+30 -3.54095345213e+11 -4.45128881676e+11 0.0 0.0
1.98892e+30 -14108047031.7 -1.70330032813e+11 0.0 0.0
1.98892e+30 -99812061362.5 -2.71515783257e+11 0.0 0.0
1.98892e+30 -5537100445.71 1.6130474831e+11 0.0 0.0
1.98892e+30 1.25127874637e+11 -3.82462360988e+11 0.0 0.0
1.98892e+30 -1.69001943506e+11 45676716949.6 0.0 0.0
1.98892e+30 1.69334593823e+11 1.83921024229e+11 0.0 0.0
1.98892e+30 -1.39533729952e+11 39953041392.5 0.0 0.0
1.98892e+30 89591145074.4 -1.85523843647e+11 0.0 0.0
1.98892e+30 -4.44883183724e+11 -1.94713108972e+11 0.0 0.0
1.98892e+30 -2.32171659284e+11 4.16959455241e+11 0.0 0.0
1.98892e+30 1.7782776512e+11 1.4446995679e+11 0.0 0.0
1.98892e+30 2.13988312572e+11 2.77575581135e+11 0.0 0.0
1.98892e+30 -2.75430950571e+11 3.25270442253e+11 0.0 0.0
1.98892e+30 -21177693398.9 3.1395109954e+11 0.0 0.0
1.98892e+30 2.81691037974e+11 -4.01617004645e+11 0.0 0.0
1.98892e+30 3.68483040728e+11 41137514784.0 0.0 0.0
1.98892e+30 -87991474785.2 99163376339.1 0.0 0.0
1.98892e+30 -75861195915.7 -7557129683.75 0.0 0.0
1.98892e+30 -1.22000022457e+11 3.68482357058e+11 0.0 0.0
1.98892e+30 3.90422911935e+11 4.32511381076e+11 0.0 0.0
1.98892e+30 84915592141.4 1509694133.44 0.0 0.0
1.98892e+30 3.73074534214e+11 -73811545384.0 0.0 0.0
1.98892e+30 -27471976401.7 1.92314549654e+11 0.0 0.0
1.98892e+30 3.99610051615e+11 -1.92637797396e+11 0.0 0.0
1.98892e+30 -2.20705695864e+11 -1.63691688114e+11 0.0 0.0
1.98892e+30 -2.68302267475e+11 4.04706000074e+11 0.0 0.0
1.98892e+30 -9362558251.81 -3.30671660555e+11 0.0 0.0
1.98892e+30 1.14908796207e+11 -3.12915673349e+11 0.0 0.0
1.98892e+30 -2.1482670958e+11 -2.27995775272e+11 0.0 0.0
1.98892e+30 -1.92065885902e+11 -85433430240.4 0.0 0.0
1.98892e+30 -4.17174348084e+11 -79016800277.1 0.0 0.0
1.98892e+30 -1.32137844837e+11 -2.13786630761e+11 0.0 0.0
1.98892e+30 -3.73160765187e+11 2.54841066476e+11 0.0 0.0
1.98892e+30 3.91050106703e+11 -1.96894923958e+11 0.0 0.0
1.98892e+30 1.07335170129e+11 -76480052430.0 0.0 0.0
1.98892e+30 -1.78035589182e+11 2.80220052158e+11 0.0 0.0
1.98892e+30 2.96363784608e+11 95380956574.5 0.0 0.0
1.98892e+30 -4.08162851378e+11 2.56527556504e+11 0.0 0.0
1.98892e+30 2.16677772262e+11 -4.47007530781e+11 0.0 0.0
1.98892e+30 3.29698041529e+11 -3.85634225496e+11 0.0 0.0
1.98892e+30 2.41730094244e+11 2.71069521532e+11 0.0 0.0
1.98892e+30 -1.31515004627e+11 -2.98050317192e+11 0.0 0.0
1.98892e+30 -3.21467391485e+11 -3.4540875477e+11 0.0 0.0
1.98892e+30 41158603987.1 -5193344893.77 0.0 0.0
1.98892e+30 1.36854563618e+11 3.06989011563e+11 0.0 0.0
1.98892e+30 2.03139584736e+11 2.71245715898e+11 0.0 0.0
1.98892e+30 3.32584462449e+11 4.26229150155e+11 0.0 0.0
1.98892e+30 2.33541095868e+11 4.11392927355e+11 0.0 0.0
1.98892e+30 -3.18144818678e+11 -2.87493661576e+11 0.0 0.0
1.98892e+30 -2.99465846291e+11 -1.97636265167e+11 0.0 0.0
1.98892e+30 -3.12929352249e+11 -1.34350071452e+11 0.0 0.0
1.98892e+30 -25165566954.1 -1.42093936847e+11 0.0 0.0
1.98892e+30 3.13530043325e+11 2.05410538545e+11 0.0 0.0
1.98892e+30 -4.35089144114e+11 3.56451386914e+11 0.0 0.0
1.98892e+30 -2.3436623275e+11 4.35604286757e+11 0.0 0.0
1.98892e+30 -2.59980082252e+11 9455460858.02 0.0 0.0
1.98892e+30 -3.99727770132e+11 -2.27987800001e+11 0.0 0.0
1.98892e+30 3.44322422033e+11 15642564488.2 0.0 0.0
1.98892e+30 -2.99390698163e+11 -1.9014004134e+11 0.0 0.0
1.98892e+30 2.51832883369e+11 2.22070473346e+11 0.0 0.0
1.98892e+30 -29734246548.3 2.05335745383e+11 0.0 0.0
1.98892e+30 1.3374323804e+11 -1.79572379962e+11 0.0 0.0
1.98892e+30 2.91773205792e+11 81656964274.2 0.0 0.0
1.98892e+30 -1.67876619087e+11 -3.7928690356e+11 0.0 0.0
1.98892e+30 -3.44606581163e+11 1.34306365813e+11 0.0 0.0
1.98892e+30 -3.64532400983e+11 -3.94842688444e+11 0.0 0.0
1.98892e+30 82355311764.8 -1.69894283466e+11 0.0 0.0
1.98892e+30 -4510338954.73 2.7166195296e+11 0.0 0.0
1.98892e+30 -13136622460.6 -3.05621009958e+11 0.0 0.0
1.98892e+30 4.03044130347e+11 2.39515055023e+11 0.0 0.0
1.98892e+30 -2.26261709801e+11 -3.42686829635e+11 0.0 0.0
1.98892e+30 -39100335852.9 -2.14328328112e+11 0.0 0.0
1.98892e+30 29638316093.9 94956178842.2 0.0 0.0
1.98892e+30 2.30505667563e+11 1.34260149496e+11 0.0 0.0
1.98892e+30 1.39151874305e+11 2.87568644796e+11 0.0 0.0
1.98892e+30 -73290268477.3 -2.59198479641e+11 0.0 0.0
1.98892e+30 51568411119.4 -2.79001147591e+11 0.0 0.0
1.98892e+30 -4.02565046858e+11 -2.90608931858e+11 0.0 0.0
1.98892e+30 2.96807312853e+11 1.34813597423e+11 0.0 0.0
1.98892e+30 2.41825092611e+11 -3.82485397718e+11 0.0 0.0
1.98892e+30 -3.58724569991e+11 3.61843404619e+11 0.0 0.0
1.98892e+30 4.31179286361e+11 2.34792155639e+11 0.0 0.0
1.98892e+30 -3.99328807748e+11 -4.3313715254e+11 0.0 0.0
1.98892e+30 3.44728954978e+11 -96457610445.9 0.0 0.0
1.98892e+30 84783050591.5 83414042035.8 0.0 0.0
1.98892e+30 1.41294994368e+11 1.75328063109e+11 0.0 0.0
1.98892e+30 3.83854650015e+11 3.02018447288e+11 0.0 0.0
1.98892e+30 -1.24738386557e+11 93296125269.1 0.0 0.0
1.98892e+30 -4.07992710732e+11 1.49571412674e+11 0.0 0.0
1.98892e+30 1.97997331935e+11 -3.9280363642e+11 0.0 0.0
1.98892e+30 3.6472481551e+11 -1.1326949321e+11 0.0 0.0
1.98892e+30 -3.42678976288e+11 50353506957.7 0.0 0.0
1.98892e+30 3.50206711266e+11 1.99175218656e+11 0.0 0.0
1.98892e+30 -3.76553742441e+11 1.39639435561e+11 0.0 0.0
1.98892e+30 2.78901232154e+11 1.7125223364e+11 0.0 0.0
1.98892e+30 -28356296004.2 -3.52517214437e+11 0.0 0.0
1.98892e+30 -1.58767593334e+11 -3.25637117509e+11 0.0 0.0
1.98892e+30 3.33213708127e+11 -1.59302691944e+11 0.0 0.0
1.98892e+30 67425661274.1 -2.30364493193e+11 0.0 0.0
1.98892e+30 -2.54210877663e+11 -1.74019788491e+11 0.0 0.0
1.98892e+30 -3.56393525255e+11 -25521061059.5 0.0 0.0
1.98892e+30 2.93680846917e+11 3.2853716377e+11 0.0 0.0
1.98892e+30 3.92609665402e+11 -30040305724.5 0.0 0.0
1.98892e+30 2.28717310013e+11 -1.16049306422e+11 0.0 0.0
1.98892e+30 1.16359449848e+11 -3.7209239589e+11 0.0 0.0
1.98892e+30 1.19699440963e+11 1.2356391428e+11 0.0 0.0
1.98892e+30 5684430489.68 1.66944206481e+11 0.0 0.0
1.98892e+30 -2.49823312546e+11 -3.07486038448e+11 0.0 0.0
1.98892e+30 -4.08258231409e+11 2834284542.97 0.0 0.0
1.98892e+30 71546760062.8 4.35560489053e+11 0.0 0.0
1.98892e+30 2.0548419972e+11 -1.03473930582e+11 0.0 0.0
1.98892e+30 -1.34614357964e+11 2.16554540234e+11 0.0 0.0
1.98892e+30 -3.14441717446e+11 -4.21857311315e+11 0.0 0.0
1.98892e+30 -1.40011108658e+11 -2.4704731569e+11 0.0 0.0
1.98892e+30 77572395291.3 3.07264844461e+11 0.0 0.0
1.98892e+30 -4.15030033933e+11 2.92189662939e+11 0.0 0.0
1.98892e+30 -2.57852873798e+11 67218616658.3 0.0 0.0
1.98892e+30 53240511188.8 -44763946378.7 0.0 0.0
1.98892e+30 1.34585817486e+11 -98835674859.0 0.0 0.0
1.98892e+30 -2.66832187914e+11 4.44636773192e+11 0.0 0.0
1.98892e+30 -1.8570145701e+11 1.57813396217e+11 0.0 0.0
1.98892e+30 34929814510.3 3.23686954133e+11 0.0 0.0
1.98892e+30 -3.11507806451e+11 -1.56579514826e+11 0.0 0.0
1.98892e+30 1.67740332088e+11 3.02770952524e+11 0.0 0.0
1.98892e+30 -3.57761554841e+11 -4.47544175227e+11 0.0 0.0
1.98892e+30 -45124132479.0 -2.17497564876e+11 0.0 0.0
1.98892e+30 -3.56818138388e+11 -3.22884366189e+11 0.0 0.0
1.98892e+30 3.18232033419e+11 -4.10954989607e+11 0.0 0.0
1.98892e+30 -2.12437399812e+11 1.92167063818e+11 0.0 0.0
1.98892e+30 -3.11562972254e+11 94852392380.2 0.0 0.0
1.98892e+30 -1.02746056086e+11 3.26939834952e+11 0.0 0.0
1.98892e+30 1.61028687955e+11 -73266490625.7 0.0 0.0
1.98892e+30 4.32012411758e+11 -98797574945.2 0.0 0.0
1.98892e+30 7279544818.65 98386792488.1 0.0 0.0
1.98892e+30 2.80007921034e+11 4.08686280781e+11 0.0 0.0
1.98892e+30 -2.56418595195e+11 1.96668649409e+11 0.0 0.0
1.98892e+30 -3.89485886038e+11 3.89235315445e+11 0.0 0.0
1.98892e+30 -2.86894451306e+11 -4.14822123879e+11 0.0 0.0
1.98892e+30 -74282495699.0 -3.15218889139e+11 0.0 0.0
1.98892e+30 -26694934082.9 1.92895802207e+11 0.0 0.0
1.98892e+30 -1.58019555037e+11 -2.63129513807e+11 0.0 0.0
1.98892e+30 -1.10342528182e+11 1.09090065355e+11 0.0 0.0
1.98892e+30 -1.64349121626e+11 -2.51115845852e+11 0.0 0.0
1.98892e+30 71998039740.6 2.70663601811e+11 0.0 0.0
1.98892e+30 4.11199894124e+11 3.06826659643e+11 0.0 0.0
1.98892e+30 -3.4985026951e+11 4.4162984197e+11 0.0 0.0
1.98892e+30 3.31981561702e+11 3.96520946459e+11 0.0 0.0
1.98892e+30 -3.18533035099e+11 69214789833.1 0.0 0.0
1.98892e+30 3.13282024803e+11 3.21293109269e+11 0.0 0.0
1.98892e+30 2.88700276223e+11 1.2302705362e+11 0.0 0.0
1.98892e+30 -3.73142690143e+11 -62534049595.4 0.0 0.0
1.98892e+30 -1.76248558024e+11 -34560988212.2 0.0 0.0
1.98892e+30 -18723394572.0 -9808795616.76 0.0 0.0
1.98892e+30 -3.78044520565e+11 1.66496144325e+11 0.0 0.0
1.98892e+30 -3.56414194617e+11 4.1796711451e+11 0.0 0.0
1.98892e+30 1.5840053416e+11 3.69763338095e+11 0.0 0.0
1.98892e+30 -45129092229.1 2.48983289464e+11 0.0 0.0
1.98892e+30 57651684947.7 4.01928504083e+11 0.0 0.0
1.98892e+30 4.17826751558e+11 -3.55780919095e+11 0.0 0.0
1.98892e+30 4.31332770523e+11 -2.03473570137e+11 0.0 0.0
1.98892e+30 3.85917690151e+11 3.04004087736e+11 0.0 0.0
1.98892e+30 -1.51393585486e+11 -2.09189260633e+11 0.0 0.0
1.98892e+30 -3.03885366494e+11 3.63272281563e+11 0.0 0.0
1.98892e+30 -2.43647749361e+11 -4.11110805175e+11 0.0 0.0
1.98892e+30 -3.5360593668e+11 -3.94024008925e+11 0.0 0.0
1.98892e+30 -4.32842263329e+11 1.37912756668e+11 0.0 0.0
1.98892e+30 1.17872120009e+11 -35787715071.5 0.0 0.0
1.98892e+30 -22219572248.2 2.25130900531e+11 0.0 0.0
1.98892e+30 -1.97352319429e+11 1.90002994309e+11 0.0 0.0
1.98892e+30 25214174496.5 84590782810.9 0.0 0.0
1.98892e+30 -2.7620930033e+11 2.48175172015e+11 0.0 0.0
1.98892e+30 -1.68517223641e+11 3.30369848663e+11 0.0 0.0
1.98892e+30 -2.4721644011e+11 -1.84264871671e+11 0.0 0.0
1.98892e+30 -2.88587507689e+11 1.28853527465e+11 0.0 0.0
1.98892e+30 -1.42338106748e+11 -7875810546.34 0.0 0.0
1.98892e+30 2.38396946072e+11 -3.58772289276e+11 0.0 0.0
1.98892e+30 -1.62956734074e+11 -2.08903779461e+11 0.0 0.0
1.98892e+30 4.15522124832e+11 2.97306451083e+11 0.0 0.0
1.98892e+30 2.07226048201e+11 2.56030777813e+11 0.0 0.0
1.98892e+30 4.21568426106e+11 -97973631590.1 0.0 0.0
1.98892e+30 1.4873215475e+11 3.70254221343e+11 0.0 0.0
1.98892e+30 -9514015708.93 17859434796.2 0.0 0.0
1.98892e+30 -3.34524211721e+11 4.17513291922e+11 0.0 0.0
1.98892e+30 -5017715357.4 2.54288121854e+11 0.0 0.0
1.98892e+30 2.43544988998e+11 4.03857832863e+11 0.0 0.0
1.98892e+30 55237226882.0 3.53884427248e+11 0.0 0.0
1.98892e+30 4.20807799402e+11 -2.19623035583e+11 0.0 0.0
1.98892e+30 94597734109.9 3.5176609472e+11 0.0 0.0
1.98892e+30 -3.40746978785e+11 -43406787166.9 0.0 0.0
1.98892e+30 -11437254402.9 2.62235158818e+11 0.0 0.0
1.98892e+30 -3.0835852486e+11 4.48188971061e+11 0.0 0.0
1.98892e+30 2.41400445679e+11 -1.73876436004e+11 0.0 0.0
1.98892e+30 2.07593202877e+11 2.75511314854e+11 0.0 0.0
1.98892e+30 80218024800.1 -2.999113803e+11 0.0 0.0
1.98892e+30 -3.65683197475e+11 1.94644570138e+11 0.0 0.0
1.98892e+30 -1.47368036654e+11 -2.11221610446e+11 0.0 0.0
1.98892e+30 4.45366262836e+11 3.01074174288e+11 0.0 0.0
1.98892e+30 -1.28175632272e+11 -1.9785558731e+11 0.0 0.0
1.98892e+30 2.70354720701e+11 -1.43704582132e+11 0.0 0.0
1.98892e+30 3.69262573671e+11 -2.50179405933e+11 0.0 0.0
1.98892e+30 -3.99336291265e+11 4.06569391894e+11 0.0 0.0
1.98892e+30 -2.47558674577e+11 -30418973393.3 0.0 0.0
1.98892e+30 5811207959.81 -2.30457894932e+11 0.0 0.0
1.98892e+30 -1.39645801179e+11 -4.27854835969e+11 0.0 0.0
1.98892e+30 4.42805130575e+11 -2.18463526652e+11 0.0 0.0
1.98892e+30 -4.1881099671e+11 -3.89481041539e+11 0.0 0.0
1.98892e+30 -3.19172470423e+11 7929163274.4 0.0 0.0
1.98892e+30 -3.84015624303e+11 1.0907843617e+11 0.0 0.0
1.98892e+30 3.70901081612e+11 -1.83060802642e+11 0.0 0.0
1.98892e+30 -97018391820.3 2.68910354008e+11 0.0 0.0
1.98892e+30 -2.66334274646e+11 1.57113712355e+11 0.0 0.0
1.98892e+30 4.35206536797e+11 -79028752121.2 0.0 0.0
1.98892e+30 30230861745.8 -1.59679123014e+11 0.0 0.0
1.98892e+30 -1.25671071029e+11 4.05476821291e+11 0.0 0.0
1.98892e+30 1.61480640485e+11 2.99216327483e+11 0.0 0.0
1.98892e+30 -99516058832.6 1097770131.68 0.0 0.0
1.98892e+30 -1.75577125011e+11 -4.42101124341e+11 0.0 0.0
1.98892e+30 3.81480222538e+11 3.09074602267e+11 0.0 0.0
1.98892e+30 62173919702.4 1.28423037052e+11 0.0 0.0
1.98892e+30 -2.22876196774e+11 -2.96950795295e+11 0.0 0.0
1.98892e+30 3.05397447833e+11 -3.47170220281e+11 0.0 0.0
1.98892e+30 46708150650.1 -3.07549455255e+11 0.0 0.0
1.98892e+30 -4.16867738675e+11 31619340981.7 0.0 0.0
1.98892e+30 -48830224814.5 3.12564364008e+11 0.0 0.0
1.98892e+30 3.75016591029e+11 -2.6904498562e+11 0.0 0.0
1.98892e+30 -63053212575.3 4.35691637248e+11 0.0 0.0
1.98892e+30 -2.62584633301e+11 -2.59475469024e+11 0.0 0.0
1.98892e+30 -3.35368298715e+11 2.34807157649e+11 0.0 0.0
1.98892e+30 4.43021244836e+11 -3.15795109969e+11 0.0 0.0
1.98892e+30 73381383957.4 13627024237.9 0.0 0.0
1.98892e+30 -1.07023644799e+11 1.58491669708e+11 0.0 0.0
1.98892e+30 -2.18051128675e+11 1.54739095427e+11 0.0 0.0
1.98892e+30 -2.1032649846e+11 -1.21498835064e+11 0.0 0.0
1.98892e+30 -22883129351.2 1.015237934e+11 0.0 0.0
1.98892e+30 4.12086369556e+11 1.43419737271e+11 0.0 0.0
1.98892e+30 -26163295083.1 -3.26849174682e+11 0.0 0.0
1.98892e+30 -1.33741512811e+11 -1.05097912273e+11 0.0 0.0
1.98892e+30 -2.06446642302e+11 3.87327363391e+11 0.0 0.0
1.98892e+30 3.76242628027e+11 82533275154.0 0.0 0.0
1.98892e+30 2.92862479371e+11 -4.0315289283e+11 0.0 0.0
1.98892e+30 -61820487304.9 87175315936.1 0.0 0.0
1.98892e+30 57190699742.5 -2.07345379766e+11 0.0 0.0
1.98892e+30 49823717508.9 29531090046.8 0.0 0.0
1.98892e+30 -1.9183504061e+11 -3.68104813807e+11 0.0 0.0
1.98892e+30 3.64615509042e+11 -1.71853348809e+11 0.0 0.0
1.98892e+30 -47778293893.3 -58808373326.6 0.0 0.0
1.98892e+30 1722590104.05 4.04453819163e+11 0.0 0.0
1.98892e+30 -57677050247.7 618171718.647 0.0 0.0
1.98892e+30 -4.28658689502e+11 3.55555987734e+11 0.0 0.0
1.98892e+30 2.15152147171e+11 1.34174062324e+11 0.0 0.0
1.98892e+30 -28702819121.2 2.93579936658e+11 0.0 0.0
1.98892e+30 70379630737.0 -2.63872608947e+11 0.0 0.0
1.98892e+30 -3.53876768223e+11 -1.41271445912e+11 0.0 0.0
1.98892e+30 66466534484.1 -1.30076467752e+11 0.0 0.0
1.98892e+30 -1.3895709143e+11 -2.7581309103e+11 0.0 0.0
1.98892e+30 -2.01640223348e+11 -2.36763049415e+11 0.0 0.0
1.98892e+30 3.91334332531e+11 -2.12906948921e+11 0.0 0.0
1.98892e+30 -1.33379985194e+11 -1.39817927578e+11 0.0 0.0
1.98892e+30 -2.32377043354e+11 -4.24471399179e+11 0.0 0.0
1.98892e+30 2.64169818732e+11 3.19667683758e+11 0.0 0.0
1.98892e+30 1.96340339122e+11 -1.3792259418e+11 0.0 0.0
1.98892e+30 -28056753695.8 -42250061249.3 0.0 0.0
1.98892e+30 3.04215904775e+11 -4.41866579046e+11 0.0 0.0
1.98892e+30 -77884425456.2 -3.55137601639e+11 0.0 0.0
1.98892e+30 -1.04926743439e+11 1.86894457153e+11 0.0 0.0
1.98892e+30 -1161389408.17 -2.19946104774e+11 0.0 0.0
1.98892e+30 3.76154548925e+11 -2.36238417922e+11 0.0 0.0
1.98892e+30 -3974415000.65 2.01322764099e+11 0.0 0.0
1.98892e+30 -47120007517.6 1.70664980432e+11 0.0 0.0
1.98892e+30 -4.2697754772e+11 -2.67001306617e+11 0.0 0.0
1.98892e+30 -1.48487613031e+11 1.56847211893e+11 0.0 0.0
1.98892e+30 -2.23976074166e+11 -1451206254.45 0.0 0.0
1.98892e+30 -1.2675211953e+11 3.69697871448e+11 0.0 0.0
1.98892e+30 65638439770.0 -3.64806255446e+11 0.0 0.0
1.98892e+30 88103758744.0 4.34442315008e+11 0.0 0.0
1.98892e+30 77879968548.8 3285945772.78 0.0 0.0
1.98892e+30 76622947402.9 99175305416.4 0.0 0.0
1.98892e+30 76350322452.4 -3.66819661198e+11 0.0 0.0
1.98892e+30 16965292926.3 1.37063474176e+11 0.0 0.0
1.98892e+30 1.53881956853e+11 2316095292.83 0.0 0.0
1.98892e+30 -3.70386522648e+11 -3.60485720605e+11 0.0 0.0
1.98892e+30 1.40728703577e+11 -1.53207202723e+11 0.0 0.0
1.98892e+30 -1513850819.42 2.74324741553e+11 0.0 0.0
1.98892e+30 23685171955.7 1.66850759913e+11 0.0 0.0
1.98892e+30 4.44095841704e+11 4.29266329201e+11 0.0 0.0
1.98892e+30 -2.12189582347e+11 3.21804953762e+11 0.0 0.0
1.98892e+30 1.72779132612e+11 19000209168.2 0.0 0.0
1.98892e+30 -1.44217696161e+11 3.67401152011e+11 0.0 0.0
1.98892e+30 -4.01301445505e+11 3.32619201865e+11 0.0 0.0
1.98892e+30 -2.05252484316e+11 3.05080177542e+11 0.0 0.0
1.98892e+30 -29350135346.3 3.61253558008e+11 0.0 0.0
1.98892e+30 4.12317207404e+11 -3.15768491939e+11 0.0 0.0
1.98892e+30 2.18949939905e+11 -3.99758708728e+11 0.0 0.0
1.98892e+30 -3.82306377019e+11 -98846388684.1 0.0 0.0
1.98892e+30 -2.42488643978e+11 -34619387774.0 0.0 0.0
1.98892e+30 -2.19132963192e+11 -15079994021.9 0.0 0.0
1.98892e+30 4.26767309237e+11 3.43114610073e+11 0.0 0.0
1.98892e+30 -3.88166694313e+11 3.89217749474e+11 0.0 0.0
1.98892e+30 2.18622629946e+11 2.66742182762e+11 0.0 0.0
1.98892e+30 1.49780780796e+11 -3.51209719744e+11 0.0 0.0
1.98892e+30 1.58428650041e+11 92525016792.6 0.0 0.0
1.98892e+30 -2.21458206772e+11 -3.20805852376e+11 0.0 0.0
1.98892e+30 2.49508365722e+11 -59323559219.1 0.0 0.0
1.98892e+30 1.8133137231e+11 1.33063706491e+11 0.0 0.0
1.98892e+30 -4.0997042261e+11 3.69386111904e+11 0.0 0.0
1.98892e+30 -31397046928.4 55501402664.5 0.0 0.0
1.98892e+30 2.09455749871e+11 -1.37410292576e+11 0.0 0.0
1.98892e+30 -3.38521479425e+11 -1.96509274195e+11 0.0 0.0
1.98892e+30 2.10379312647e+11 -2.64320833436e+11 0.0 0.0
1.98892e+30 1.33103193347e+11 3.36212566016e+11 0.0 0.0
1.98892e+30 3.81373449008e+11 4.40289391607e+11 0.0 0.0
1.98892e+30 -1.21235212188e+11 2.69620646167e+11 0.0 0.0
1.98892e+30 -64948080723.3 -4.33916152369e+11 0.0 0.0
1.98892e+30 3.3791015117e+11 -3.82827273632e+11 0.0 0.0
1.98892e+30 61887320412.3 3.27209597875e+11 0.0 0.0
1.98892e+30 -3.31046728172e+11 1.84187336292e+11 0.0 0.0
1.98892e+30 -6510609469.47 -97532863703.4 0.0 0.0
1.98892e+30 -3.99347776521e+11 -2.46308409837e+11 0.0 0.0
1.98892e+30 2.74952620746e+11 -1.47703547558e+11 0.0 0.0
1.98892e+30 32345811748.0 2.96110506416e+11 0.0 0.0
1.98892e+30 3.14566787064e+11 -1.96676029959e+11 0.0 0.0
1.98892e+30 86458040156.3 -3.26021488356e+11 0.0 0.0
1.98892e+30 1.02983316392e+11 -3.18077447166e+11 0.0 0.0
1.98892e+30 2.03728830072e+11 77552455988.4 0.0 0.0
1.98892e+30 1.87968384684e+11 4.13537950423e+11 0.0 0.0
1.98892e+30 1.93799949541e+11 4.34259956793e+11 0.0 0.0
1.98892e+30 21256978490.8 -2.09385086905e+11 0.0 0.0
1.98892e+30 -1.10317915292e+11 3.52421270722e+11 0.0 0.0
1.98892e+30 4.11873258571e+11 -2.8543111325e+11 0.0 0.0
1.98892e+30 -2.75195464262e+11 -1.98711458874e+11 0.0 0.0
1.98892e+30 1.42135440078e+11 3.31581750976e+11 0.0 0.0
1.98892e+30 1.84541196069e+11 -4.45820186897e+11 0.0 0.0
1.98892e+30 1.7811516404e+11 12996142352.0 0.0 0.0
1.98892e+30 1.91731652454e+11 -3.57347477369e+11 0.0 0.0
1.98892e+30 3857368972.03 60326905532.6 0.0 0.0
1.98892e+30 -1.88251847676e+11 2.89716936044e+11 0.0 0.0
1.98892e+30 3.47016948226e+11 -40568570467.6 0.0 0.0
1.98892e+30 -3.21688737531e+11 1.52130379934e+11 0.0 0.0
1.98892e+30 3.98247755579e+11 -1.30199897743e+11 0.0 0.0
1.98892e+30 -1.54068590305e+11 2.3873690169e+11 0.0 0.0
1.98892e+30 -22861503429.2 -4801485369.2 0.0 0.0
1.98892e+30 1.92437712479e+11 1.45061635498e+11 0.0 0.0
1.98892e+30 -1.82187421452e+11 43300574983.6 0.0 0.0
1.98892e+30 -2.68906159314e+11 -2.36019734155e+11 0.0 0.0
1.98892e+30 1.97054405107e+11 14459996223.8 0.0 0.0
1.98892e+30 1.17759107471e+11 -4.04124573432e+11 0.0 0.0
1.98892e+30 2.22352094396e+11 -2.10343925777e+11 0.0 0.0
1.98892e+30 1.38100263103e+11 81691664340.0 0.0 0.0
1.98892e+30 2.77555511204e+11 -2.5964288902e+11 0.0 0.0
1.98892e+30 -2.91637784879e+11 -1.3531683851e+11 0.0 0.0
1.98892e+30 -3.85525283944e+11 -3.71399090078e+11 0.0 0.0
1.98892e+30 69728581049.0 2.41813884881e+11 0.0 0.0
1.98892e+30 2.01893728994e+11 3.32925008276e+11 0.0 0.0
1.98892e+30 1.63337338583e+11 3.24050640185e+11 0.0 0.0
1.98892e+30 -21662126384.5 -44514118094.2 0.0 0.0
1.98892e+30 1.47650221772e+11 -2.33872210531e+11 0.0 0.0
1.98892e+30 3.44746328415e+11 -3.2111436859e+11 0.0 0.0
1.98892e+30 -2.48958422521e+11 -11646371800.9 0.0 0.0
1.98892e+30 -3.67423173145e+11 2.8867699585e+11 0.0 0.0
1.98892e+30 -3.57613488576e+11 -3.10279308797e+11 0.0 0.0
1.98892e+30 3.48511556868e+11 -2.60561863208e+11 0.0 0.0
1.98892e+30 2.74255419741e+11 22045532932.2 0.0 0.0
1.98892e+30 -1.1850908025e+11 -3.21905901534e+11 0.0 0.0
1.98892e+30 3.04705448706e+11 -26089325235.2 0.0 0.0
1.98892e+30 1.15906223368e+11 2.11858354631e+11 0.0 0.0
1.98892e+30 -1.49266653421e+11 1.5572964133e+11 0.0 0.0
1.98892e+30 -2.19822170197e+11 3.81214495029e+11 0.0 0.0
1.98892e+30 2.03832837142e+11 -3.88557102684e+11 0.0 0.0
1.98892e+30 -1.99845675853e+11 1.02343967708e+11 0.0 0.0
1.98892e+30 3.59077043243e+11 4.14898696796e+11 0.0 0.0
1.98892e+30 2.25894420972e+11 -2.83599268578e+11 0.0 0.0
1.98892e+30 3.73593426349e+11 2.25962205072e+11 0.0 0.0
1.98892e+30 3.1822479573e+11 4.30046034722e+11 0.0 0.0
1.98892e+30 -2.55160918115e+11 4.3888068228e+11 0.0 0.0
1.98892e+30 -3.75275343066e+11 -3.44733526467e+11 0.0 0.0
1.98892e+30 4.05755545863e+11 -2.9499829917e+11 0.0 0.0
1.98892e+30 -2.00163655711e+11 -92484585599.9 0.0 0.0
1.98892e+30 3.97163878083e+11 96514024368.1 0.0 0.0
1.98892e+30 -2.53293062852e+11 1.51183094323e+11 0.0 0.0
1.98892e+30 3.8865247049e+11 -3.68095950407e+11 0.0 0.0
1.98892e+30 -4.00880805744e+11 -4.11365726511e+11 0.0 0.0
1.98892e+30 -1.26887055638e+11 2.19197234693e+11 0.0 0.0
1.98892e+30 -2.97233489658e+11 2.89455589328e+11 0.0 0.0
1.98892e+30 -3.61045430665e+11 3.45064974684e+11 0.0 0.0
1.98892e+30 -2.1242523794e+11 -2138205493.07 0.0 0.0
1.98892e+30 66036612699.8 3.8525001625e+11 0.0 0.0
1.98892e+30 -31866680230.1 3.7383251641e+11 0.0 0.0
1.98892e+30 -1.39539267087e+11 -1.97285435969e+11 0.0 0.0
1.98892e+30 -3.01234586518e+11 3.76653482326e+11 0.0 0.0
1.98892e+30 -2.17487221635e+11 -3.72981391329e+11 0.0 0.0
1.98892e+30 34027410052.6 1.13149385778e+11 0.0 0.0
1.98892e+30 -3.68870977534e+11 -4.05303743444e+11 0.0 0.0
1.98892e+30 3.63335609047e+11 4.47873799993e+11 0.0 0.0
1.98892e+30 2.12502847656e+11 3.8628960067e+11 0.0 0.0
1.98892e+30 -1.98751732705e+11 -2.40659255802e+11 0.0 0.0
1.98892e+30 -3.65640265104e+11 47262664751.5 0.0 0.0
1.98892e+30 -61837490213.9 3.13559464436e+11 0.0 0.0
1.98892e+30 -3.67915767537e+11 3.7933420101e+11 0.0 0.0
1.98892e+30 -1.70926989572e+11 2.00400059038e+11 0.0 0.0
1.98892e+30 3.3698499448e+11 4.08687215308e+11 0.0 0.0
1.98892e+30 -2.36962919933e+11 2.11488877836e+11 0.0 0.0
1.98892e+30 -2.92651961112e+11 1.44001959987e+11 0.0 0.0
1.98892e+30 3.95067294856e+11 -2.10102532142e+11 0.0 0.0
1.98892e+30 4.12614696132e+11 2.32673052678e+11 0.0 0.0
1.98892e+30 -44873892392.8 -14362253146.5 0.0 0.0
1.98892e+30 -82425587673.8 -2.23482351863e+11 0.0 0.0
1.98892e+30 72717717973.0 3.9266233534e+11 0.0 0.0
1.98892e+30 3.08903353124e+11 2.02316973665e+11 0.0 0.0
1.98892e+30 95632507122.6 -2.12931613951e+11 0.0 0.0
1.98892e+30 2.05375017053e+11 -2.00595827483e+11 0.0 0.0
1.98892e+30 -1.83747085067e+11 2.18403857216e+11 0.0 0.0
1.98892e+30 -53471988862.2 3.84671065016e+11 0.0 0.0
1.98892e+30 -2.85585987688e+11 2.02022954679e+11 0.0 0.0
1.98892e+30 -2.78967873601e+11 -2.45581835258e+11 0.0 0.0
1.98892e+30 -1.50597330556e+11 1.32255511059e+11 0.0 0.0
1.98892e+30 2.96826263073e+11 2.40832759011e+11 0.0 0.0
1.98892e+30 -16800180807.1 43331285923.4 0.0 0.0
1.98892e+30 3.07313445388e+11 -1.02018767195e+11 0.0 0.0
1.98892e+30 -23994587402.5 -1.53099062121e+11 0.0 0.0
1.98892e+30 -97451666833.9 2.18959450496e+11 0.0 0.0
1.98892e+30 2.47573104812e+11 1.36776371057e+11 0.0 0.0
1.98892e+30 3.25458824357e+11 3.75920455103e+11 0.0 0.0
1.98892e+30 -2.08932719802e+11 3.9957718107e+11 0.0 0.0
1.98892e+30 3.73746250586e+11 -2.55500727208e+11 0.0 0.0
1.98892e+30 -1.81602727057e+11 -4.13659816226e+11 0.0 0.0
1.98892e+30 4.34305870921e+11 -2.57595953889e+11 0.0 0.0
1.98892e+30 -2.75808171483e+11 -2.05086503167e+11 0.0 0.0
1.98892e+30 -1290580707.24 3.32392098691e+11 0.0 0.0
1.98892e+30 3.56533814055e+11 30451696266.9 0.0 0.0
1.98892e+30 4.06230348943e+11 -2.34500220696e+11 0.0 0.0
1.98892e+30 -2.82982267304e+11 -1.66739257603e+11 0.0 0.0
1.98892e+30 -2.69892836666e+11 2.34862018545e+11 0.0 0.0
1.98892e+30 2.93383018832e+11 1.15857155432e+11 0.0 0.0
1.98892e+30 -4.07570090283e+11 2.13988535125e+11 0.0 0.0
1.98892e+30 4.2985394483e+11 -1.43727011968e+11 0.0 0.0
1.98892e+30 50184352917.3 -62418068345.4 0.0 0.0
1.98892e+30 -1.57210293291e+11 1.53141224194e+11 0.0 0.0
1.98892e+30 -2.05599054343e+11 1.32242322278e+11 0.0 0.0
1.98892e+30 56136952701.8 -2.27184731259e+11 0.0 0.0
1.98892e+30 2.72945717498e+11 -95150699862.5 0.0 0.0
1.98892e+30 1.57951369476e+11 3.76985710238e+11 0.0 0.0
1.98892e+30 1.38949011715e+11 3.78975103348e+11 0.0 0.0
1.98892e+30 -9751639161.88 -4.39701668346e+11 0.0 0.0
1.98892e+30 4.22310767316e+11 -3.32947843566e+11 0.0 0.0
1.98892e+30 -4.44574930168e+11 -92424068224.1 0.0 0.0
1.98892e+30 57270596488.4 -55466378206.4 0.0 0.0
1.98892e+30 -2.05068919814e+11 1.487727961e+11 0.0 0.0
1.98892e+30 -69058685707.6 1.33639086413e+11 0.0 0.0
1.98892e+30 -1.7719839041e+11 -1.84583053061e+11 0.0 0.0
1.98892e+30 -1.74046637244e+11 -2.87984259953e+11 0.0 0.0
1.98892e+30 -4.44037173145e+11 1.53065577687e+11 0.0 0.0
1.98892e+30 2.25914497156e+11 42149495394.2 0.0 0.0
1.98892e+30 -4.39650093088e+11 -1.20777735111e+11 0.0 0.0
1.98892e+30 1.71766640772e+11 -6641487185.84 0.0 0.0
1.98892e+30 24164442992.4 3.00365459256e+11 0.0 0.0
1.98892e+30 -3.89933791341e+11 -974257885.293 0.0 0.0
1.98892e+30 -62246922110.2 -4.42495023199e+11 0.0 0.0
1.98892e+30 -3.86459297857e+11 -3.62898517232e+11 0.0 0.0
1.98892e+30 -2.00223521669e+11 -47292149505.4 0.0 0.0
1.98892e+30 -45904561901.4 4.29996141962e+11 0.0 0.0
1.98892e+30 4.10363503255e+11 -3.70595699954e+11 0.0 0.0
1.98892e+30 1.51807186136e+11 -3.45713306028e+11 0.0 0.0
1.98892e+30 1.36748456654e+11 1.57636832172e+11 0.0 0.0
1.98892e+30 -2.206998337e+11 3.34906642098e+11 0.0 0.0
1.98892e+30 -4.42161532975e+11 -2.61099376082e+11 0.0 0.0
1.98892e+30 3.13178159699e+11 -1.4325495505e+11 0.0 0.0
1.98892e+30 -20549241629.0 -1233940522.48 0.0 0.0
1.98892e+30 2.83682539831e+11 4.0171379804e+11 0.0 0.0
1.98892e+30 -2.61057557196e+11 -4.32017896309e+11 0.0 0.0
1.98892e+30 2.95538220777e+11 9791907873.93 0.0 0.0
1.98892e+30 38837692787.9 -1.13888114717e+11 0.0 0.0
1.98892e+30 -52684480816.3 -10567362847.3 0.0 0.0
1.98892e+30 3.84987474963e+11 -2.93031532529e+11 0.0 0.0
1.98892e+30 1.2544676916e+11 -1.87479874004e+11 0.0 0.0
1.98892e+30 25278118823.0 3.54907467246e+11 0.0 0.0
1.98892e+30 -4.03279446701e+11 44699769977.7 0.0 0.0
1.98892e+30 -3.50914644887e+11 1.01559317451e+11 0.0 0.0
1.98892e+30 1.48063069104e+11 2.27399077655e+11 0.0 0.0
1.98892e+30 1.1925583039e+11 1.77864873389e+11 0.0 0.0
1.98892e+30 2.22830858973e+11 -4.25860354618e+11 0.0 0.0
1.98892e+30 -3.55707154353e+11 4.18445024003e+11 0.0 0.0
1.98892e+30 -3.64225764707e+11 -3.91506506788e+11 0.0 0.0
1.98892e+30 1.79709786347e+11 4.14708335824e+11 0.0 0.0
1.98892e+30 2.92280561254e+11 -64357645714.7 0.0 0.0
1.98892e+30 2.04936129098e+11 4.2103654525e+11 0.0 0.0
1.98892e+30 3.83272375293e+11 4.0055573882e+11 0.0 0.0
1.98892e+30 97269828147.2 -1.2880691111e+11 0.0 0.0
1.98892e+30 -3.12154641417e+11 -33829355090.4 0.0 0.0
1.98892e+30 1.27461694585e+11 -2.14286160198e+11 0.0 0.0
1.98892e+30 1.70695925201e+11 -31127033686.4 0.0 0.0
1.98892e+30 -1.79629527402e+11 2.63106469403e+11 0.0 0.0
1.98892e+30 4.29347974829e+11 4.01429518357e+11 0.0 0.0
1.98892e+30 -4.15313531709e+11 -3.57905568717e+11 0.0 0.0
1.98892e+30 -87050647980.9 -1.82366089004e+11 0.0 0.0
1.98892e+30 3.12422937065e+11 -1.36941850884e+11 0.0 0.0
1.98892e+30 3.2572855469e+11 24256131463.3 0.0 0.0
1.98892e+30 -1.50515795445e+11 3.33571141573e+11 0.0 0.0
1.98892e+30 3.54083775137e+11 -2.5878124946e+11 0.0 0.0
1.98892e+30 -1.99479902873e+11 -2.81214240125e+11 0.0 0.0
1.98892e+30 1.32113640524e+11 -3.03023025965e+11 0.0 0.0
1.98892e+30 6101249291.43 -2.38810680321e+11 0.0 0.0
1.98892e+30 76683341374.3 1.26056288674e+11 0.0 0.0
1.98892e+30 2.35134317576e+11 1.9263609246e+11 0.0 0.0
1.98892e+30 -3.66413079424e+11 1.80377257399e+11 0.0 0.0
1.98892e+30 -41980739654.5 4.05955984392e+11 0.0 0.0
1.98892e+30 1.11242442293e+11 -1.36021478867e+11 0.0 0.0
1.98892e+30 1.27485636009e+11 99846148755.9 0.0 0.0
1.98892e+30 -3.49143115527e+11 4.19140913572e+11 0.0 0.0
1.98892e+30 2.01448038364e+11 1.3669380339e+11 0.0 0.0
1.98892e+30 1.24092743686e+11 -2.57657884945e+11 0.0 0.0
1.98892e+30 -4.21300895966e+11 1.70544997042e+11 0.0 0.0
1.98892e+30 1.17334016141e+11 1.48330776873e+11 0.0 0.0
1.98892e+30 -2.79550112856e+11 -1.06905363368e+11 0.0 0.0
1.98892e+30 1.81435511707e+11 -2.95670817559e+11 0.0 0.0
1.98892e+30 -1.59550188944e+11 1.7160154674e+11 0.0 0.0
1.98892e+30 2.71195383806e+11 -3.46476457722e+11 0.0 0.0
1.98892e+30 -2.09965830006e+11 70270262170.2 0.0 0.0
1.98892e+30 -1.04370567887e+11 -4.07338226744e+11 0.0 0.0
1.98892e+30 -77411642900.2 2.82016375121e+11 0.0 0.0
1.98892e+30 -2.71246738079e+11 -59780284570.5 0.0 0.0
1.98892e+30 2.54082847632e+11 -3.02403001396e+11 0.0 0.0
1.98892e+30 4.39920109707e+11 -3.48549824122e+11 0.0 0.0
1.98892e+30 -67774790274.2 -20924280198.5 0.0 0.0
1.98892e+30 -3.03242366331e+11 -2.56798345725e+11 0.0 0.0
1.98892e+30 2.542234384e+11 -2.731471938e+11 0.0 0.0
1.98892e+30 3.90557798449e+11 3.78551654191e+11 0.0 0.0
1.98892e+30 3.10586603715e+11 -1.11360193706e+11 0.0 0.0
1.98892e+30 3.41978571737e+11 -3.37074113422e+11 0.0 0.0
1.98892e+30 1.42964582683e+11 2.32584593432e+11 0.0 0.0
1.98892e+30 -19615002675.7 -1.6039948444e+11 0.0 0.0
1.98892e+30 54851398164.4 -1.84669009134e+11 0.0 0.0
1.98892e+30 3.21427151559e+11 -3.7081033611e+11 0.0 0.0
1.98892e+30 74470951575.8 -1.18677352772e+11 0.0 0.0
1.98892e+30 -3.76543707378e+11 -2.68836274268e+11 0.0 0.0
1.98892e+30 -3.64941028168e+11 -2.36535293137e+11 0.0 0.0
1.98892e+30 -1.01114866508e+11 -1.73483290228e+11 0.0 0.0
1.98892e+30 1.34667526622e+11 1.24344212206e+11 0.0 0.0
1.98892e+30 -3.62878297698e+11 4379712555.15 0.0 0.0
1.98892e+30 3.75080919955e+11 -17892023075.3 0.0 0.0
1.98892e+30 2.36382724805e+11 1.81644702589e+11 0.0 0.0
1.98892e+30 -3.7176975557e+11 3.05474789642e+11 0.0 0.0
1.98892e+30 4.02760786049e+11 1.13804126142e+11 0.0 0.0
1.98892e+30 -4.41683648893e+11 -3.63296400395e+11 0.0 0.0
1.98892e+30 -4.48427059523e+11 -21260415607.6 0.0 0.0
1.98892e+30 -2.47578935657e+11 -40336570499.5 0.0 0.0
1.98892e+30 7257551072.04 4.2951037703e+11 0.0 0.0
1.98892e+30 -24078188607.1 -63139875942.0 0.0 0.0
1.98892e+30 2.71263832231e+11 -1.51581215812e+11 0.0 0.0
1.98892e+30 -35217526719.6 -1.64158390997e+11 0.0 0.0
1.98892e+30 2.16528713141e+11 -99584614908.3 0.0 0.0
1.98892e+30 -1.40887080791e+11 -1.55358077052e+11 0.0 0.0
1.98892e+30 52811414916.7 -1.87856079541e+11 0.0 0.0
1.98892e+30 -2.95981382678e+11 -4.16820973528e+11 0.0 0.0
1.98892e+30 -57848023019.0 -3.20908675351e+11 0.0 0.0
1.98892e+30 3.965884512e+11 3.89049650699e+11 0.0 0.0
1.98892e+30 -2.21257749993e+11 -2.56133340061e+11 0.0 0.0
1.98892e+30 1.84780204749e+11 -3.00489853835e+11 0.0 0.0
