1.0 2.02875529213 2.77132884834 0.0 0.0
1.0 -2.63610145065 -1.42206393742 0.0 0.0
1.0 1.21456389926 0.847652441487 0.0 0.0
1.0 -0.718090645607 1.0330179441 0.0 0.0
1.0 -1.98562397371 -2.54253746906 0.0 0.0
1.0 -2.90318518775 1.08861008216 0.0 0.0
1.0 0.535751036407 -2.42666270433 0.0 0.0
1.0 1.70411744452 -1.46566112045 0.0 0.0
1.0 2.76820857576 0.0406834221447 0.0 0.0
1.0 0.39591166509 2.86304080958 0.0 0.0
1.0 2.63069349065 -0.565061212223 0.0 0.0
1.0 -1.18514503093 0.523315613967 0.0 0.0
1.0 -1.14094354646 -0.899712225674 0.0 0.0
1.0 -0.87257339999 1.19423698779 0.0 0.0
1.0 2.1868445951 -0.0285898167971 0.0 0.0
1.0 -1.69914819385 1.21611133863 0.0 0.0
1.0 -1.52925157125 -0.962736498256 0.0 0.0
1.0 0.158948036921 -2.35368039332 0.0 0.0
1.0 -2.00232407112 -2.06180481792 0.0 0.0
1.0 -0.557860362753 -0.160166003651 0.0 0.0
1.0 0.133514191166 0.143590118875 0.0 0.0
1.0 -1.05752882141 2.36562626759 0.0 0.0
1.0 -0.169510060993 -2.32963763203 0.0 0.0
1.0 1.94373591157 -0.425487351376 0.0 0.0
1.0 -1.78648070789 0.252080293595 0.0 0.0
1.0 -1.6710406656 -1.93211997348 0.0 0.0
1.0 -1.44728744558 -2.32015811383 0.0 0.0
1.0 2.03580850913 2.10821331203 0.0 0.0
1.0 2.72316808269 -1.52444207586 0.0 0.0
1.0 2.26714954936 -1.95440678885 0.0 0.0
1.0 -1.06559759886 0.539843629889 0.0 0.0
1.0 -1.70942828796 -2.57005755394 0.0 0.0
1.0 -1.18650791868 -0.733924176818 0.0 0.0
1.0 -1.23492034662 -0.653721072563 0.0 0.0
1.0 -1.48893416236 0.900342987601 0.0 0.0
1.0 1.01451540486 -2.37462644817 0.0 0.0
1.0 2.64078011945 2.35504820023 0.0 0.0
1.0 0.480779352132 2.40772523385 0.0 0.0
1.0 0.0893703181184 -2.99908437894 0.0 0.0
1.0 1.0136013609 -0.558032275383 0.0 0.0
1.0 -2.66027976337 -0.198209712834 0.0 0.0
1.0 0.329235733875 -1.19608800507 0.0 0.0
1.0 -1.42450944884 2.9950159351 0.0 0.0
1.0 0.935050444564 1.70862294231 0.0 0.0
1.0 -0.886011325314 1.8211149383 0.0 0.0
1.0 -0.934222764364 2.60058217087 0.0 0.0
1.0 1.84970483113 1.12737373058 0.0 0.0
1.0 -1.21634068876 0.217393818217 0.0 0.0
1.0 1.40633672679 0.267726070557 0.0 0.0
1.0 0.129988450768 0.704480278353 0.0 0.0
1.0 -2.53067532523 -1.48242262326 0.0 0.0
1.0 -0.0055158765895 2.46502524897 0.0 0.0
1.0 -0.185145271626 0.852105305468 0.0 0.0
1.0 -0.54365348811 2.62907762215 0.0 0.0
1.0 -1.95109979942 -1.09063895838 0.0 0.0
1.0 -0.349809533364 2.81670256809 0.0 0.0
1.0 -0.13624111624 -2.57738062356 0.0 0.0
1.0 1.35958347337 -1.61724492967 0.0 0.0
1.0 -0.999749721773 -1.02883249673 0.0 0.0
1.0 1.76641772653 -1.23811861068 0.0 0.0
1.0 -0.847870683478 0.442050569659 0.0 0.0
1.0 -0.477010346079 2.31370848388 0.0 0.0
1.0 -0.452107746252 2.69583738608 0.0 0.0
1.0 0.496007447917 1.23638347348 0.0 0.0
1.0 -0.606596364694 -1.96293620546 0.0 0.0
1.0 0.534879414962 2.54219310904 0.0 0.0
1.0 1.43638493419 -2.87354439065 0.0 0.0
1.0 -1.66151943691 -1.80495646736 0.0 0.0
1.0 1.7150010477 -0.541595909247 0.0 0.0
1.0 1.15160005647 2.16352641703 0.0 0.0
1.0 -1.01424327089 0.177383914393 0.0 0.0
1.0 2.67625649432 -0.86049211553 0.0 0.0
1.0 -2.51133462096 -2.51099766043 0.0 0.0
1.0 -2.47316122802 -1.90928417578 0.0 0.0
1.0 1.30343171245 1.77390279143 0.0 0.0
1.0 -1.03179656788 1.22069877247 0.0 0.0
1.0 -0.851116846509 -0.466150002658 0.0 0.0
1.0 1.97527869068 0.237704825938 0.0 0.0
1.0 -1.92995870035 0.372997292156 0.0 0.0
1.0 1.36247691056 2.19306370721 0.0 0.0
1.0 -1.91077251414 2.15606192636 0.0 0.0
1.0 0.617643064202 -2.61818402038 0.0 0.0
1.0 -1.1400449263 -1.60776417048 0.0 0.0
1.0 -0.821622602696 -2.17724077402 0.0 0.0
1.0 0.706304656992 0.507716520681 0.0 0.0
1.0 -2.28010849063 0.323417352102 0.0 0.0
1.0 1.71612553797 -2.404648507 0.0 0.0
1.0 -0.168301514743 -0.395756035009 0.0 0.0
1.0 -2.55223977668 1.51009275407 0.0 0.0
1.0 1.06441141609 -1.30253614014 0.0 0.0
1.0 1.83666267013 -0.746013578566 0.0 0.0
1.0 -2.49306693146 2.0284035472 0.0 0.0
1.0 0.224301272101 2.87614560651 0.0 0.0
1.0 -1.87226602834 0.859609370442 0.0 0.0
1.0 -1.2935253639 2.88750202598 0.0 0.0
1.0 0.0534202521687 -2.44018142989 0.0 0.0
1.0 1.83516858409 0.272197331567 0.0 0.0
1.0 -0.794256664464 1.92020479592 0.0 0.0
1.0 -0.316850727423 -1.46212293889 0.0 0.0
1.0 1.24376463541 1.94245578306 0.0 0.0
1.0 2.9921441098 -2.90645933009 0.0 0.0
1.0 2.41098511328 -2.90994751627 0.0 0.0
1.0 1.26915331678 -2.73851624904 0.0 0.0
1.0 -0.0528276614832 1.40491745846 0.0 0.0
1.0 -1.67420574717 0.574728928668 0.0 0.0
1.0 -2.68956186391 -2.96519479163 0.0 0.0
1.0 2.05932607251 1.03275042467 0.0 0.0
1.0 2.84872795139 2.26449311284 0.0 0.0
1.0 -0.33378408001 1.14426229477 0.0 0.0
1.0 2.30497515319 0.695343212961 0.0 0.0
1.0 -2.35017697365 -2.35735135691 0.0 0.0
1.0 2.11222068446 -1.50205925093 0.0 0.0
1.0 -2.28592299213 2.68232207358 0.0 0.0
1.0 -0.222829002409 -0.242604320673 0.0 0.0
1.0 0.57705863987 2.56272216952 0.0 0.0
1.0 -0.12536777631 1.45901080464 0.0 0.0
1.0 -2.13213900125 -2.40275938801 0.0 0.0
1.0 2.11313818125 -2.80581568792 0.0 0.0
1.0 0.715876302361 1.79768612182 0.0 0.0
1.0 -0.761698044832 0.467944115161 0.0 0.0
1.0 2.53087057391 1.15243882989 0.0 0.0
1.0 1.42531373059 -1.34845437931 0.0 0.0
1.0 -2.08186789025 2.56078653751 0.0 0.0
1.0 0.994539538018 -2.93131270336 0.0 0.0
1.0 -2.50452215779 1.49772315246 0.0 0.0
1.0 0.837082017381 1.90741277077 0.0 0.0
1.0 0.590080609406 0.760500281873 0.0 0.0
1.0 -0.380803934668 -1.01840226491 0.0 0.0
1.0 -1.90973258516 -2.99395206024 0.0 0.0
1.0 2.70030391194 0.381525557561 0.0 0.0
1.0 -0.960257608949 -0.212186666164 0.0 0.0
1.0 1.57535312027 2.33120858065 0.0 0.0
1.0 -2.56857847019 2.09442840116 0.0 0.0
1.0 2.83056793735 -2.24311412373 0.0 0.0
1.0 -0.733666676677 1.94970064792 0.0 0.0
1.0 -1.61575497054 1.56788660831 0.0 0.0
1.0 0.267344769723 2.55746062431 0.0 0.0
1.0 -2.56232240114 1.34647282586 0.0 0.0
1.0 0.460700010908 -2.8693266205 0.0 0.0
1.0 -0.704650501092 -2.79699775644 0.0 0.0
1.0 2.38716114495 1.3467436965 0.0 0.0
1.0 -0.840305574344 0.964358673952 0.0 0.0
1.0 2.12853055556 0.963387807019 0.0 0.0
1.0 -2.75326719157 -0.673626469761 0.0 0.0
1.0 0.0964260672061 2.44689458046 0.0 0.0
1.0 2.55537927398 -0.599665302042 0.0 0.0
1.0 1.90161229825 0.540157802234 0.0 0.0
1.0 -1.40723421797 -2.51368556792 0.0 0.0
1.0 0.523295119651 -1.22074212504 0.0 0.0
1.0 0.722924875746 -0.90426388484 0.0 0.0
1.0 2.18293494221 0.49596699313 0.0 0.0
1.0 -0.366665429856 -1.45838697462 0.0 0.0
1.0 1.87243544486 0.595128071918 0.0 0.0
1.0 1.40950924139 0.8280908165 0.0 0.0
1.0 -1.43136073745 1.06355196764 0.0 0.0
1.0 -0.350619019894 0.982162439559 0.0 0.0
1.0 0.138502093741 0.655761579254 0.0 0.0
1.0 -2.84029380436 -0.0377083145314 0.0 0.0
1.0 0.0596855340953 2.85198371489 0.0 0.0
1.0 2.07289338472 -0.237463517369 0.0 0.0
1.0 -1.35104332558 2.38363636937 0.0 0.0
1.0 1.7506237851 1.87197184026 0.0 0.0
1.0 0.34081497349 1.87844550703 0.0 0.0
1.0 -2.86279408578 -2.26641477055 0.0 0.0
1.0 -2.70820920119 -2.82209462736 0.0 0.0
1.0 -2.9210393587 -1.88815862033 0.0 0.0
1.0 -1.92877553965 1.06391154023 0.0 0.0
1.0 -2.44156667934 -1.87850143077 0.0 0.0
1.0 -2.92781783873 -1.08299110833 0.0 0.0
1.0 2.57175741883 -2.46218694897 0.0 0.0
1.0 -1.41882792868 -2.62399055089 0.0 0.0
1.0 -0.480844383423 2.77048646788 0.0 0.0
1.0 -1.66325088963 -0.694994659446 0.0 0.0
1.0 -2.8556774474 -2.52418525994 0.0 0.0
1.0 2.81285459294 -0.0235663595421 0.0 0.0
1.0 -0.31481179269 2.43385011579 0.0 0.0
1.0 0.711283690617 0.471251796323 0.0 0.0
1.0 2.57380123757 2.51732399351 0.0 0.0
1.0 0.541662263999 -0.243683265969 0.0 0.0
1.0 0.392717286129 1.40246885257 0.0 0.0
1.0 -2.95240012715 2.07049367882 0.0 0.0
1.0 -2.57922934957 -1.37292125685 0.0 0.0
1.0 2.334760523 -1.10663811656 0.0 0.0
1.0 1.85668689319 1.84308922618 0.0 0.0
1.0 -1.06109365617 0.313479672176 0.0 0.0
1.0 0.697577406134 2.55536182885 0.0 0.0
1.0 -1.99215451593 0.0737020597431 0.0 0.0
1.0 1.00006255771 -1.45358207001 0.0 0.0
1.0 1.42137754832 -2.36147999048 0.0 0.0
1.0 -1.55453505857 2.06442332592 0.0 0.0
1.0 -0.894513408699 -2.06087476838 0.0 0.0
1.0 1.44366378167 2.35869565643 0.0 0.0
1.0 -0.799217011606 2.0393446279 0.0 0.0
1.0 -2.38563849489 -0.95198694276 0.0 0.0
1.0 0.905880423231 -1.26372144757 0.0 0.0
1.0 0.0513594102817 -2.40743817476 0.0 0.0
1.0 1.05321833596 -2.09064622242 0.0 0.0
1.0 1.55022364372 -0.283225155139 0.0 0.0
1.0 2.02310449516 -2.46348612227 0.0 0.0
1.0 -2.9051030487 -2.29788991715 0.0 0.0
1.0 2.58064614422 1.32623245221 0.0 0.0
1.0 -1.16201592494 -0.709157416073 0.0 0.0
1.0 -0.987808116899 2.23962321 0.0 0.0
1.0 -1.56041859608 -0.375772398542 0.0 0.0
1.0 2.29160073558 -1.99957590694 0.0 0.0
1.0 1.54328853582 -2.09665788607 0.0 0.0
1.0 2.41424904135 0.0445550380416 0.0 0.0
1.0 -0.163430106054 -2.52798443074 0.0 0.0
1.0 -2.47897495766 1.44343142673 0.0 0.0
1.0 -2.75205054431 -2.06903260881 0.0 0.0
1.0 2.34970680391 2.03345123206 0.0 0.0
1.0 -2.59259249415 1.82051926095 0.0 0.0
1.0 -0.0506411196184 1.54967866662 0.0 0.0
1.0 2.21302142505 -1.34194591896 0.0 0.0
1.0 -2.27466834631 0.0455285313054 0.0 0.0
1.0 1.21181384286 2.4097658726 0.0 0.0
1.0 -2.81845623551 -0.615124793836 0.0 0.0
1.0 -1.46517420246 -2.63073480131 0.0 0.0
1.0 -0.94764138231 2.80355678979 0.0 0.0
1.0 2.26667593821 -0.915086718057 0.0 0.0
1.0 1.57304872309 -2.96438179107 0.0 0.0
1.0 1.53435206066 2.54550183788 0.0 0.0
1.0 -1.98614727332 2.80861725466 0.0 0.0
1.0 1.19305907345 0.338083393431 0.0 0.0
1.0 -1.27311519711 2.46637630448 0.0 0.0
1.0 2.61252433379 1.14385654528 0.0 0.0
1.0 0.835042981568 2.04553459262 0.0 0.0
1.0 2.02913522219 2.69997479331 0.0 0.0
1.0 0.128107631588 2.74763918191 0.0 0.0
1.0 0.900156931466 2.21681371699 0.0 0.0
1.0 1.71337942337 -1.13408613248 0.0 0.0
1.0 -0.956901792455 -0.735782632171 0.0 0.0
1.0 2.46405710673 -1.63752685563 0.0 0.0
1.0 -1.82802154373 2.91827435091 0.0 0.0
1.0 -0.239623602412 1.30864972112 0.0 0.0
1.0 0.573683372946 -1.3746711493 0.0 0.0
1.0 1.36229684347 -2.83343374959 0.0 0.0
1.0 2.12227501822 1.68085713029 0.0 0.0
1.0 -0.388800892849 0.39828716899 0.0 0.0
1.0 0.0386434393827 2.71368559074 0.0 0.0
1.0 1.39910210673 1.1251610469 0.0 0.0
1.0 -0.595692245152 -1.57150564427 0.0 0.0
1.0 -1.08922191444 0.937971405378 0.0 0.0
1.0 1.88187428425 0.24148238345 0.0 0.0
1.0 2.98035855822 -0.272203195575 0.0 0.0
1.0 -1.41868340874 2.11500820993 0.0 0.0
1.0 -2.42262414635 1.00365354265 0.0 0.0
1.0 1.56961901143 0.61239631153 0.0 0.0
1.0 0.779621922913 -0.936849173293 0.0 0.0
1.0 -2.63699981645 -0.90388449529 0.0 0.0
1.0 1.94245936415 1.21463969565 0.0 0.0
1.0 2.36056474163 2.68434918308 0.0 0.0
1.0 -0.560996954227 -1.04633009971 0.0 0.0
1.0 0.900041384648 -0.227931615243 0.0 0.0
1.0 2.56050468193 1.02221206744 0.0 0.0
1.0 -2.82295308921 -1.95927571851 0.0 0.0
1.0 -2.20925766019 -1.59272054412 0.0 0.0
1.0 1.9531252008 0.506522618483 0.0 0.0
1.0 -2.21892913231 1.63480510882 0.0 0.0
1.0 -1.13029183692 -1.7083977045 0.0 0.0
1.0 -2.27916789538 1.20790861831 0.0 0.0
1.0 -2.99662781785 -1.09067814138 0.0 0.0
1.0 -2.91370244287 1.96216593755 0.0 0.0
1.0 1.66801926598 -1.04955524547 0.0 0.0
1.0 -0.221386464947 -1.34867098519 0.0 0.0
1.0 -1.18678428217 -1.73998064603 0.0 0.0
1.0 2.33488729979 -0.0110204949186 0.0 0.0
1.0 -0.489301539481 -0.80289065623 0.0 0.0
1.0 -0.963772283021 -1.26230650383 0.0 0.0
1.0 1.74856969527 -0.715405973179 0.0 0.0
1.0 1.87507447684 0.903189531298 0.0 0.0
1.0 1.39615019261 -2.53752249016 0.0 0.0
1.0 -0.581467971489 0.877881182221 0.0 0.0
1.0 0.183514019362 -0.224576723699 0.0 0.0
1.0 2.48921291513 0.421807339018 0.0 0.0
1.0 2.46549871442 -0.994532474455 0.0 0.0
1.0 0.771219552194 -2.76917233642 0.0 0.0
1.0 -0.599911019882 -2.14748317132 0.0 0.0
1.0 -1.27791690087 0.683826977161 0.0 0.0
1.0 -2.83747058542 1.68655129215 0.0 0.0
1.0 -0.754056110956 -0.98433841466 0.0 0.0
1.0 1.30078946486 -2.27498856876 0.0 0.0
1.0 -2.31415492321 0.690770181872 0.0 0.0
1.0 1.32908507386 1.87848521021 0.0 0.0
1.0 0.639448141316 1.83047454972 0.0 0.0
1.0 0.939204994263 1.30954219576 0.0 0.0
1.0 0.699360852531 -1.15369516941 0.0 0.0
1.0 0.513290933271 2.54590711198 0.0 0.0
1.0 2.81776852227 -2.74530966251 0.0 0.0
1.0 2.43315476495 -1.09118387298 0.0 0.0
1.0 2.79451093318 2.82997232049 0.0 0.0
1.0 0.843727349104 -1.19804487166 0.0 0.0
1.0 -2.59791325431 1.26420465679 0.0 0.0
1.0 1.54973683093 2.07878391748 0.0 0.0
1.0 0.782874520756 -1.83150303432 0.0 0.0
1.0 0.611768584201 -0.540562000638 0.0 0.0
1.0 -2.24584565875 -1.6092717929 0.0 0.0
1.0 -1.26057963112 1.9313539339 0.0 0.0
1.0 2.70757046498 -0.487449121319 0.0 0.0
1.0 0.893506100386 -1.72523838717 0.0 0.0
1.0 -1.65457411758 2.47392745498 0.0 0.0
1.0 1.89886966742 -2.76419538454 0.0 0.0
1.0 2.3818308827 -1.10693768078 0.0 0.0
1.0 0.420376702505 0.621514312006 0.0 0.0
1.0 1.76456618078 -0.20442106752 0.0 0.0
1.0 -1.62369127798 -1.59358875632 0.0 0.0
1.0 -1.59564089541 2.70433457428 0.0 0.0
1.0 -1.82220620324 -2.11752657341 0.0 0.0
1.0 -2.98878000208 -1.4101218003 0.0 0.0
1.0 -2.97708174502 -1.20713060785 0.0 0.0
1.0 -2.30436024573 -1.05626412697 0.0 0.0
1.0 -0.37323695567 -2.10072215475 0.0 0.0
1.0 -0.716179673558 -2.89044290513 0.0 0.0
1.0 1.45796211223 2.91300751426 0.0 0.0
1.0 1.91840719607 -1.32101174796 0.0 0.0
1.0 -2.14894104468 -1.64449549862 0.0 0.0
1.0 -1.00889668871 -1.24078966152 0.0 0.0
1.0 -0.819133177996 -0.230095771727 0.0 0.0
1.0 0.430019585264 -1.18885636604 0.0 0.0
1.0 1.34127183742 0.881585475933 0.0 0.0
1.0 2.40952670733 1.83993591158 0.0 0.0
1.0 1.54859571223 1.0631152429 0.0 0.0
1.0 1.50753251315 -0.714056447256 0.0 0.0
1.0 -2.94473010026 1.33826795194 0.0 0.0
1.0 2.09651590471 -1.76624095114 0.0 0.0
1.0 0.0383979106969 0.12894430677 0.0 0.0
1.0 2.0678710229 -2.37922611407 0.0 0.0
1.0 2.84701510489 0.833857272557 0.0 0.0
1.0 -2.80921420619 2.22768295511 0.0 0.0
1.0 2.41073921423 2.77534097395 0.0 0.0
1.0 0.895454098345 2.94051106663 0.0 0.0
1.0 -2.52496569421 -0.571701893016 0.0 0.0
1.0 2.12839870524 0.718834662904 0.0 0.0
1.0 -2.95095244995 0.684696164191 0.0 0.0
1.0 -1.11872307677 2.71458810618 0.0 0.0
1.0 2.93653805933 0.870953615879 0.0 0.0
1.0 0.93134527553 -2.43372679831 0.0 0.0
1.0 -2.71953927194 -0.491699760942 0.0 0.0
1.0 -1.71631795942 -1.29341043687 0.0 0.0
1.0 -1.60014851043 1.2413862638 0.0 0.0
1.0 0.503670694025 -2.99275362175 0.0 0.0
1.0 -1.64738806589 -1.8052779301 0.0 0.0
1.0 2.40098732796 -1.14246996272 0.0 0.0
1.0 -0.702371972214 1.19337996336 0.0 0.0
1.0 -1.4211526002 -2.1356452032 0.0 0.0
1.0 -2.50406917927 -0.9108035069 0.0 0.0
1.0 -1.96015581613 -2.50543593622 0.0 0.0
1.0 0.599026308513 0.680426068266 0.0 0.0
1.0 -0.994709308193 0.378541734423 0.0 0.0
1.0 -2.38912709075 1.8626845838 0.0 0.0
1.0 -0.0495948128393 2.02848560152 0.0 0.0
1.0 -2.20308813408 0.0753969889602 0.0 0.0
1.0 1.8709741066 2.08541875217 0.0 0.0
1.0 1.35331778716 0.927040514838 0.0 0.0
1.0 1.68749224431 2.33219707581 0.0 0.0
1.0 -1.41185441921 1.47932970823 0.0 0.0
1.0 -2.30827154567 -0.48973333682 0.0 0.0
1.0 1.63024654196 -2.13668344348 0.0 0.0
1.0 -0.110872867942 2.72408336442 0.0 0.0
1.0 -0.477577207238 1.50042842297 0.0 0.0
1.0 2.67611631552 -2.68897578803 0.0 0.0
1.0 -1.72665057438 -2.17960053121 0.0 0.0
1.0 1.79615624204 -2.27805736482 0.0 0.0
1.0 0.297448700185 0.875171615326 0.0 0.0
1.0 0.37608160179 -0.855907319263 0.0 0.0
1.0 -0.151450991272 0.581122679141 0.0 0.0
1.0 -0.231731772223 2.25547241444 0.0 0.0
1.0 -2.47605687434 0.27373883134 0.0 0.0
1.0 -2.67237940462 -0.447414946412 0.0 0.0
1.0 2.22590778864 0.866085988268 0.0 0.0
1.0 -0.92187104181 1.13309442775 0.0 0.0
1.0 2.26433692695 1.17440744799 0.0 0.0
1.0 2.14724910043 2.40581168799 0.0 0.0
1.0 0.824657253022 -2.94105344682 0.0 0.0
1.0 1.12780457518 0.986714844954 0.0 0.0
1.0 2.47161599392 0.0866311181686 0.0 0.0
1.0 -1.72136601161 1.85339074036 0.0 0.0
1.0 -1.8008071939 1.23806467832 0.0 0.0
1.0 -2.92992214462 -0.910027902473 0.0 0.0
1.0 -1.28873378745 -0.682725888389 0.0 0.0
1.0 -0.144889484687 1.55781706931 0.0 0.0
1.0 -0.201821588703 1.97172796542 0.0 0.0
1.0 1.48072786665 1.05475519683 0.0 0.0
1.0 1.00608692381 -1.5277375178 0.0 0.0
1.0 1.16608037671 -1.83601815201 0.0 0.0
1.0 -0.129795928512 2.1438930882 0.0 0.0
1.0 -1.65440178297 -2.30258953149 0.0 0.0
1.0 -2.82208233529 2.19991144595 0.0 0.0
1.0 0.69995380726 0.0918133425829 0.0 0.0
1.0 0.978902144247 2.26750597631 0.0 0.0
1.0 2.49222312156 -0.282463081623 0.0 0.0
1.0 -0.911059792603 -0.893128131645 0.0 0.0
1.0 1.79144121278 2.45782100374 0.0 0.0
1.0 2.85091971842 0.117384016182 0.0 0.0
1.0 -1.26433570237 2.69853300972 0.0 0.0
1.0 1.26277064438 -0.139557962822 0.0 0.0
1.0 -2.76620992197 0.702003469567 0.0 0.0
1.0 -0.989427075765 1.80832839058 0.0 0.0
1.0 2.87945834719 -0.505413431287 0.0 0.0
1.0 0.34548949903 -1.44024168416 0.0 0.0
1.0 1.58353389138 -0.0756310816412 0.0 0.0
1.0 -1.76155955222 2.54576693191 0.0 0.0
1.0 2.65399107329 -0.764259515886 0.0 0.0
1.0 -2.80007366131 -2.63543396001 0.0 0.0
1.0 2.94182099551 1.16346716299 0.0 0.0
1.0 0.0411129631662 -2.04794016116 0.0 0.0
1.0 0.963155818654 0.769349791081 0.0 0.0
1.0 0.966355454362 1.65961251691 0.0 0.0
1.0 0.0314688466688 2.45497098828 0.0 0.0
1.0 2.6747194368 2.00853146555 0.0 0.0
1.0 -0.998517146281 2.43838844605 0.0 0.0
1.0 1.32905968434 -1.16580872144 0.0 0.0
1.0 -0.888090809769 2.02445051162 0.0 0.0
1.0 -2.90899946652 2.24638233107 0.0 0.0
1.0 -1.47680516685 -2.0585406518 0.0 0.0
1.0 -1.77401386347 2.56036237105 0.0 0.0
1.0 0.786260218304 0.97722147985 0.0 0.0
1.0 2.51450384136 2.54885869224 0.0 0.0
1.0 2.14598154632 0.952829435167 0.0 0.0
1.0 -0.384198030788 1.63027683633 0.0 0.0
1.0 -0.37249271954 0.385402627679 0.0 0.0
1.0 0.510339628676 1.5406085401 0.0 0.0
1.0 2.32217343356 0.295989557676 0.0 0.0
1.0 0.473159191177 -2.3202153172 0.0 0.0
1.0 -0.217568274203 -0.221524763522 0.0 0.0
1.0 1.16420307426 -2.43411373936 0.0 0.0
1.0 -0.597716906831 -1.9532980183 0.0 0.0
1.0 1.51573218903 -2.85818956596 0.0 0.0
1.0 -1.81007869683 0.97457404819 0.0 0.0
1.0 2.21178615406 -1.16597663726 0.0 0.0
1.0 2.34324676893 1.40364702375 0.0 0.0
1.0 1.71019063438 -0.885315464359 0.0 0.0
1.0 -1.42662429787 -0.183978486645 0.0 0.0
1.0 0.180178551498 1.33387278412 0.0 0.0
1.0 -0.585932427743 -0.321201007845 0.0 0.0
1.0 -0.111924828922 -0.790073289014 0.0 0.0
1.0 -0.139516335291 2.8583065509 0.0 0.0
1.0 1.92262743603 -0.56044837079 0.0 0.0
1.0 2.63025933103 2.98672914507 0.0 0.0
1.0 2.19428377444 -1.42167714693 0.0 0.0
1.0 0.693668205519 -0.191146580064 0.0 0.0
1.0 -0.683714829763 -1.84415143127 0.0 0.0
1.0 -0.271016314733 1.76157831354 0.0 0.0
1.0 -2.65679330531 -1.54844312224 0.0 0.0
1.0 -2.60377030424 -1.88912733793 0.0 0.0
1.0 2.30063450468 -0.626772444455 0.0 0.0
1.0 0.947697367445 -1.73139325445 0.0 0.0
1.0 2.22043979493 -2.78337752693 0.0 0.0
1.0 -2.9643495573 2.99184941214 0.0 0.0
1.0 -0.433422490577 2.56764667095 0.0 0.0
1.0 1.89138828756 1.97136350906 0.0 0.0
1.0 -1.07652056074 2.27877722808 0.0 0.0
1.0 0.53312941096 -1.31703506709 0.0 0.0
1.0 2.90283511879 0.0777881230625 0.0 0.0
1.0 0.72955428491 1.46989207221 0.0 0.0
1.0 0.320906112567 1.31940278467 0.0 0.0
1.0 0.0850646491026 0.595408845991 0.0 0.0
1.0 -0.0162210605923 0.535394847849 0.0 0.0
1.0 1.47530731481 2.01327518683 0.0 0.0
1.0 0.561801667288 2.208649717 0.0 0.0
1.0 -2.65921980181 1.64595381486 0.0 0.0
1.0 1.77317105354 2.88191944318 0.0 0.0
1.0 2.14937914653 1.57533676822 0.0 0.0
1.0 0.943247954671 1.03757613108 0.0 0.0
1.0 -1.23094939372 -2.0658619025 0.0 0.0
1.0 1.52402670744 0.514131280933 0.0 0.0
1.0 -1.7006120673 -1.60458207809 0.0 0.0
1.0 0.482772578453 -1.45150504546 0.0 0.0
1.0 1.43469406155 2.54222491082 0.0 0.0
1.0 -1.92664746914 -2.94519194613 0.0 0.0
1.0 2.26033756496 2.55666639368 0.0 0.0
1.0 0.475048952945 0.438979227161 0.0 0.0
1.0 -2.99097365544 1.87458469592 0.0 0.0
1.0 1.07450914166 1.01299931974 0.0 0.0
1.0 -1.31171263227 -2.62724964288 0.0 0.0
1.0 -2.05455570041 2.59685884592 0.0 0.0
1.0 -1.52821178402 -1.27454364422 0.0 0.0
1.0 -0.000904227723385 2.13917400538 0.0 0.0
1.0 -2.19855998916 -0.186249087869 0.0 0.0
1.0 1.98095308952 -0.757818516142 0.0 0.0
1.0 -2.79457129042 2.41169918855 0.0 0.0
1.0 -2.80297762247 -0.96626649855 0.0 0.0
1.0 -0.796113839959 -1.77673803035 0.0 0.0
1.0 -2.12674325572 -1.28379406399 0.0 0.0
1.0 -0.74933722397 1.69446100026 0.0 0.0
1.0 -2.5879786203 -1.07370935184 0.0 0.0
1.0 -0.976920183552 0.104245514332 0.0 0.0
1.0 -0.901675852543 0.261151022561 0.0 0.0
1.0 0.726268274222 -2.60790464009 0.0 0.0
1.0 -1.78382162292 -1.35243498724 0.0 0.0
1.0 -0.49700890067 -0.241736645305 0.0 0.0
1.0 -2.69847123987 0.558856160799 0.0 0.0
1.0 1.31970274982 -0.584163127346 0.0 0.0
1.0 -2.71570475335 0.459521836936 0.0 0.0
1.0 -2.43142537401 2.0975531856 0.0 0.0
1.0 2.13174510866 0.128787689109 0.0 0.0
1.0 2.98552361864 2.07435093176 0.0 0.0
1.0 -2.69981913362 -1.03223390855 0.0 0.0
1.0 2.35853226766 1.11661665844 0.0 0.0
1.0 1.20513883878 -2.58952153865 0.0 0.0
1.0 2.20426878277 -2.95816014535 0.0 0.0
1.0 2.78681654515 1.78017176505 0.0 0.0
1.0 1.52808031282 -2.93532674947 0.0 0.0
1.0 -2.03165907743 0.84445369 0.0 0.0
1.0 1.79917893154 0.642052341372 0.0 0.0
1.0 1.8428837169 2.67225635933 0.0 0.0
1.0 -1.82448841614 2.54972138204 0.0 0.0
1.0 0.0646536131088 -1.6323704438 0.0 0.0
1.0 -0.645960875737 2.04869244596 0.0 0.0
1.0 2.91978197525 -0.13003869349 0.0 0.0
1.0 0.862493891428 2.245904447 0.0 0.0
1.0 -1.77603089415 2.04724617443 0.0 0.0
1.0 1.25441156558 2.87098754494 0.0 0.0
1.0 1.17744259798 2.03837728702 0.0 0.0
1.0 -1.18583172094 0.449537090902 0.0 0.0
1.0 -2.9560943825 1.16136319602 0.0 0.0
1.0 -2.96736409881 2.51485975898 0.0 0.0
1.0 -1.33235440666 2.98155375786 0.0 0.0
1.0 -0.478783201574 -1.25922909132 0.0 0.0
1.0 -0.66117216488 0.873419212984 0.0 0.0
1.0 -1.4050427917 -1.34668864806 0.0 0.0
1.0 2.80820242166 0.873684916485 0.0 0.0
1.0 1.11208256956 1.06374784926 0.0 0.0
1.0 -2.28112785809 -0.866419752184 0.0 0.0
1.0 2.27284591112 -1.39040193354 0.0 0.0
1.0 0.769609925283 0.336110930781 0.0 0.0
1.0 1.5855977864 -1.51103776006 0.0 0.0
1.0 0.172481842011 1.86374177035 0.0 0.0
1.0 -0.165391785035 -2.03641978778 0.0 0.0
1.0 1.8599740368 2.7861392025 0.0 0.0
1.0 0.979800450067 -2.6374605826 0.0 0.0
1.0 -0.486095059625 -0.131262135493 0.0 0.0
1.0 2.11341583249 -1.37332679487 0.0 0.0
1.0 -2.9502665603 0.198570967336 0.0 0.0
1.0 -0.404888758204 2.26698911942 0.0 0.0
1.0 -0.758256715872 -0.674336888444 0.0 0.0
1.0 -1.94864543322 -1.00699081023 0.0 0.0
1.0 -1.01823507341 -2.94408511162 0.0 0.0
1.0 0.533753155734 1.10893495062 0.0 0.0
1.0 1.27276465014 1.07855486879 0.0 0.0
1.0 -0.957897156121 2.79156702299 0.0 0.0
1.0 -1.75741260858 1.69583751209 0.0 0.0
1.0 -2.50365430626 2.28598897436 0.0 0.0
1.0 2.78464614418 -1.82792701258 0.0 0.0
1.0 0.679680751377 -1.40667004688 0.0 0.0
1.0 2.5729093693 -1.37840977212 0.0 0.0
1.0 -1.38474914505 -0.17821339267 0.0 0.0
1.0 1.10277880864 -0.546394393247 0.0 0.0
1.0 -0.77667188991 -1.13190426826 0.0 0.0
1.0 0.237568399299 -1.03327966793 0.0 0.0
1.0 -1.62316364449 2.72586766449 0.0 0.0
1.0 0.896224984871 2.1377587267 0.0 0.0
1.0 -0.897095719449 -1.81660414409 0.0 0.0
1.0 -0.396371735475 1.45839964418 0.0 0.0
1.0 0.803817153128 -1.41046107884 0.0 0.0
1.0 2.87434212379 -1.4831262424 0.0 0.0
1.0 -1.92195311907 -2.29553481062 0.0 0.0
1.0 2.70273301839 -2.88153429955 0.0 0.0
1.0 -1.91920983646 2.43960741615 0.0 0.0
1.0 1.00393027885 -1.78038603878 0.0 0.0
1.0 -1.54989235942 2.97040205219 0.0 0.0
1.0 -1.15197506562 -1.8782635466 0.0 0.0
1.0 2.04567265058 0.460017706663 0.0 0.0
1.0 0.201216018246 2.11981596567 0.0 0.0
1.0 -2.72631130945 -2.38571131368 0.0 0.0
1.0 0.894633796736 0.503935190266 0.0 0.0
1.0 -0.423691169385 2.6873350151 0.0 0.0
1.0 -1.87444265239 -0.153734521449 0.0 0.0
1.0 0.541322207823 1.34036906265 0.0 0.0
1.0 0.314581314782 -2.37835268661 0.0 0.0
1.0 -0.615683507113 1.3918666906 0.0 0.0
1.0 2.57684445139 -0.416092032475 0.0 0.0
1.0 -1.61393265479 -0.55308314323 0.0 0.0
1.0 -1.31700414839 -0.544412333092 0.0 0.0
1.0 -1.99744800536 1.49419720439 0.0 0.0
1.0 -1.18139096823 0.427142440577 0.0 0.0
1.0 0.171898933055 0.437312004665 0.0 0.0
1.0 2.54581897414 -0.5616013902 0.0 0.0
1.0 -0.637515812037 -2.09896117383 0.0 0.0
1.0 -1.08038425729 -1.72958623822 0.0 0.0
1.0 0.398099150352 0.18827586268 0.0 0.0
1.0 -2.20279990628 0.164802558416 0.0 0.0
1.0 0.0985241885983 -2.24579732685 0.0 0.0
1.0 -1.84580100246 -1.0011541832 0.0 0.0
1.0 -1.82571473685 2.56316320052 0.0 0.0
1.0 2.16737682319 -1.33377078387 0.0 0.0
1.0 -2.94117027703 -2.2669732853 0.0 0.0
1.0 1.50655827996 -2.79513546215 0.0 0.0
1.0 -1.54667631635 1.2558441619 0.0 0.0
1.0 2.58610262523 0.700249204417 0.0 0.0
1.0 1.03643560924 1.90257535617 0.0 0.0
1.0 1.92348276678 1.55130064628 0.0 0.0
1.0 1.13598776621 -2.84220931749 0.0 0.0
1.0 1.15597993408 -0.269663707677 0.0 0.0
1.0 1.25102139467 0.634318301921 0.0 0.0
1.0 -0.224345898325 -0.471151233729 0.0 0.0
1.0 2.73803221745 2.37527215863 0.0 0.0
1.0 0.595487507536 -2.594758843 0.0 0.0
1.0 -2.62059948817 2.16250914815 0.0 0.0
1.0 -2.45173975558 -1.67618519567 0.0 0.0
1.0 -2.09307886575 2.64907910681 0.0 0.0
1.0 -2.33706560825 -2.11937115717 0.0 0.0
1.0 -2.56246426825 1.02673875269 0.0 0.0
1.0 1.62965894537 -2.11292407689 0.0 0.0
1.0 -0.94342455575 -0.939769225087 0.0 0.0
1.0 -2.81209925861 1.45884078935 0.0 0.0
1.0 -1.15830477364 -0.284447273218 0.0 0.0
1.0 1.76889833576 -1.89936619795 0.0 0.0
1.0 -1.17753832421 -1.63543614419 0.0 0.0
1.0 -1.84889069244 -1.19953094829 0.0 0.0
1.0 -0.542251654628 -0.708058561193 0.0 0.0
1.0 0.570908476122 2.07836374055 0.0 0.0
1.0 0.834966314208 -1.69515917018 0.0 0.0
1.0 -2.99915841422 2.5631335446 0.0 0.0
1.0 2.74646036535 -1.37572144321 0.0 0.0
1.0 0.147174493265 1.10495311921 0.0 0.0
1.0 2.20746180062 -1.05315926283 0.0 0.0
1.0 -0.583106478053 2.2533902853 0.0 0.0
1.0 0.478962706829 -1.30220775721 0.0 0.0
1.0 2.81359913068 -0.605688785899 0.0 0.0
1.0 -0.836903053081 2.30011683071 0.0 0.0
1.0 0.587969709434 0.139443464683 0.0 0.0
1.0 -0.284161606681 2.85954449323 0.0 0.0
1.0 1.39562919044 -0.979078483466 0.0 0.0
1.0 1.30704559036 2.45482998908 0.0 0.0
1.0 -1.12583025675 -1.77125903945 0.0 0.0
1.0 2.55363517447 1.57729177107 0.0 0.0
1.0 1.55568267618 1.26792755013 0.0 0.0
1.0 1.61455515209 1.88285554413 0.0 0.0
1.0 -1.42140905376 -1.09260592632 0.0 0.0
1.0 -0.689717349526 1.82572970933 0.0 0.0
1.0 -1.06692080586 2.10166236984 0.0 0.0
1.0 -1.1977348271 -0.701723919091 0.0 0.0
1.0 -2.67638908622 -1.52131501602 0.0 0.0
1.0 -0.391504978576 -0.893525998164 0.0 0.0
1.0 0.299788737615 -0.974557674225 0.0 0.0
1.0 -0.396246243742 2.61343772487 0.0 0.0
1.0 -0.61556014907 -2.22703207138 0.0 0.0
1.0 2.57792294624 -0.489281668496 0.0 0.0
1.0 1.22033872717 2.56034310997 0.0 0.0
1.0 2.27852972322 -0.153447398536 0.0 0.0
1.0 2.37080747703 2.61379750062 0.0 0.0
1.0 2.95400771467 -2.42922004397 0.0 0.0
1.0 0.660284201298 -2.88024585422 0.0 0.0
1.0 1.63268031778 -2.40677214785 0.0 0.0
1.0 -2.66474312584 1.88635655038 0.0 0.0
1.0 1.69395529968 -2.05423330697 0.0 0.0
1.0 -0.807631030891 2.41567502997 0.0 0.0
1.0 -0.262030983919 -2.24793940912 0.0 0.0
1.0 -0.321564030182 -1.85824298744 0.0 0.0
1.0 -0.957821347968 2.88114810391 0.0 0.0
1.0 2.10375303732 -0.59356152973 0.0 0.0
1.0 -0.797959846224 1.60525171454 0.0 0.0
1.0 -1.11537090593 2.05277489824 0.0 0.0
1.0 -0.409043897989 2.94234377944 0.0 0.0
1.0 -0.61321310659 2.53990804244 0.0 0.0
1.0 1.24457358338 -2.92594569176 0.0 0.0
1.0 -0.693462443031 -0.316481662513 0.0 0.0
1.0 0.252429274463 0.80437845198 0.0 0.0
1.0 0.0669430489662 2.38514743002 0.0 0.0
1.0 -2.17130567402 -2.1770103963 0.0 0.0
1.0 0.99991842211 -2.15041534022 0.0 0.0
1.0 2.38493769243 1.53874107293 0.0 0.0
1.0 2.30288215516 0.911916760833 0.0 0.0
1.0 2.06049759798 2.93216436605 0.0 0.0
1.0 -0.854481903521 -0.644508958783 0.0 0.0
1.0 2.87291098788 -2.57129152951 0.0 0.0
1.0 -2.67987376864 -1.42553350727 0.0 0.0
1.0 0.906105452805 1.325532438 0.0 0.0
1.0 2.70415526431 -0.512483658122 0.0 0.0
1.0 -1.54420780572 1.8155323732 0.0 0.0
1.0 1.43499735999 1.54965748291 0.0 0.0
1.0 -2.11732068511 1.5439309885 0.0 0.0
1.0 -2.57866492685 -0.425725845094 0.0 0.0
1.0 1.00413258154 -1.17216037794 0.0 0.0
1.0 -1.95333562644 -2.17324068875 0.0 0.0
1.0 -2.14364253374 -1.27093453863 0.0 0.0
1.0 -0.426252492823 2.56612090956 0.0 0.0
1.0 -0.426537044171 -1.11810148409 0.0 0.0
1.0 1.12898042928 -1.55479652026 0.0 0.0
1.0 1.90336419731 -0.859841953469 0.0 0.0
1.0 -0.209003169004 2.33398181872 0.0 0.0
1.0 0.058125953065 2.86502803784 0.0 0.0
1.0 -0.576189149676 -0.0309255050055 0.0 0.0
1.0 1.85069778712 0.648332647186 0.0 0.0
1.0 -1.22307075899 2.37628305325 0.0 0.0
1.0 -1.88095804271 0.97268958387 0.0 0.0
1.0 0.433082271323 1.27502383869 0.0 0.0
1.0 -0.0513799939761 1.9472491317 0.0 0.0
1.0 -1.42583956049 -0.949549636901 0.0 0.0
1.0 0.832377137871 1.47901992984 0.0 0.0
1.0 -1.21042759654 -2.20080157502 0.0 0.0
1.0 -2.90176306754 1.26265373281 0.0 0.0
1.0 0.329411947888 0.321585482677 0.0 0.0
1.0 0.221243349381 -1.89994788648 0.0 0.0
1.0 1.84295900005 0.38388304091 0.0 0.0
1.0 2.39592746612 -1.27498767474 0.0 0.0
1.0 -2.18807455153 1.00975846595 0.0 0.0
1.0 -0.932913883846 -1.913156207 0.0 0.0
1.0 0.499922334452 1.43460547171 0.0 0.0
1.0 1.78546384546 -1.47415595369 0.0 0.0
1.0 1.42415209289 -2.20558741746 0.0 0.0
1.0 -1.6892872564 -2.03906363362 0.0 0.0
1.0 -1.86623200091 -1.83599325324 0.0 0.0
1.0 -1.31282878565 -1.55281959759 0.0 0.0
1.0 0.589606963894 0.00795241875081 0.0 0.0
1.0 -2.08466389598 -1.71550035786 0.0 0.0
1.0 -1.26082512795 -0.150861314926 0.0 0.0
1.0 -0.029392295829 1.22287175525 0.0 0.0
1.0 2.72402520005 -1.7835264438 0.0 0.0
1.0 -1.93075105108 2.46148204674 0.0 0.0
1.0 -1.21637256937 0.668463876355 0.0 0.0
1.0 2.99912232679 1.87999860463 0.0 0.0
1.0 2.66810637159 -1.52995776265 0.0 0.0
1.0 2.00492173033 -1.30021597413 0.0 0.0
1.0 1.67735261087 2.38927627443 0.0 0.0
1.0 -1.99535939472 -2.19119057634 0.0 0.0
1.0 -0.669444412851 -1.17610691225 0.0 0.0
1.0 -2.07834869602 0.0677087730323 0.0 0.0
1.0 0.0882298678568 -2.12102236998 0.0 0.0
1.0 -0.498237075785 -0.741538044038 0.0 0.0
1.0 0.0682824981126 0.217590604039 0.0 0.0
1.0 0.403747435095 2.91720632467 0.0 0.0
1.0 -2.08564169773 0.861459594468 0.0 0.0
1.0 0.917950206957 0.780623918394 0.0 0.0
1.0 0.297341425453 2.34118682845 0.0 0.0
1.0 -2.55195250729 -0.559006683311 0.0 0.0
1.0 -1.75034913965 2.13933474339 0.0 0.0
1.0 2.1748314118 2.84246337454 0.0 0.0
1.0 0.559668973474 -1.90976191325 0.0 0.0
1.0 -2.54874668321 -1.67639556383 0.0 0.0
1.0 0.112446213845 0.665072300419 0.0 0.0
1.0 -1.86032347411 2.21613635358 0.0 0.0
1.0 2.54853860233 -1.21052347265 0.0 0.0
1.0 2.17582324314 0.684255945321 0.0 0.0
1.0 -0.363357083847 -0.712846948085 0.0 0.0
1.0 -2.80797826514 -1.36985128565 0.0 0.0
1.0 -0.219898177787 -2.32202424692 0.0 0.0
1.0 -0.0283101630298 2.90595064371 0.0 0.0
1.0 1.00402947246 0.724212563535 0.0 0.0
1.0 2.0747241331 1.92785751044 0.0 0.0
1.0 -2.89878042223 -1.79306342661 0.0 0.0
1.0 0.69362589387 -0.836621396069 0.0 0.0
1.0 2.75448111554 2.73796287599 0.0 0.0
1.0 -2.95759286049 2.87750987101 0.0 0.0
1.0 0.699901476543 1.27239118324 0.0 0.0
1.0 -0.813250087783 1.30456169591 0.0 0.0
1.0 -2.48632582803 2.4180531711 0.0 0.0
1.0 -2.3158023389 2.77411005258 0.0 0.0
1.0 -2.82511642696 0.509011450729 0.0 0.0
1.0 2.96360225074 1.13065724939 0.0 0.0
1.0 2.37771448693 -0.375586144114 0.0 0.0
1.0 -0.718445518133 -0.525728660951 0.0 0.0
1.0 0.229721590783 -0.76892548925 0.0 0.0
1.0 -1.62907543749 1.24295685722 0.0 0.0
1.0 -0.232934019786 -0.70679381497 0.0 0.0
1.0 0.840537708062 -1.03279273145 0.0 0.0
1.0 0.0185885229259 -1.39180611599 0.0 0.0
1.0 1.62077366055 -2.76194292658 0.0 0.0
1.0 -1.98518484655 -0.619018568533 0.0 0.0
1.0 0.769142910288 1.53943775723 0.0 0.0
1.0 -2.02522933477 0.653824304261 0.0 0.0
1.0 -1.1329031273 0.153807855493 0.0 0.0
1.0 2.09432826406 -0.635398647335 0.0 0.0
1.0 -2.20903519801 -0.330113992561 0.0 0.0
1.0 -0.786048116458 -2.50382983705 0.0 0.0
1.0 -0.0213459477775 2.33318284901 0.0 0.0
1.0 -0.292198692375 1.74989822577 0.0 0.0
1.0 1.02297761044 1.70194511129 0.0 0.0
1.0 -2.03425569605 -2.09686441056 0.0 0.0
1.0 1.87158635308 -1.00998596332 0.0 0.0
1.0 -1.5044497038 0.621590950275 0.0 0.0
1.0 -0.526508563594 2.35151445805 0.0 0.0
1.0 0.75273551114 2.31416405885 0.0 0.0
1.0 -1.48381427759 2.44255684824 0.0 0.0
1.0 2.08518501671 0.611673883166 0.0 0.0
1.0 -1.45371896667 -1.88115883793 0.0 0.0
1.0 -1.88735318557 -2.10745465358 0.0 0.0
1.0 0.255018140029 2.2813489109 0.0 0.0
1.0 1.81514308325 1.33393703199 0.0 0.0
1.0 0.89302613862 -1.74853793549 0.0 0.0
1.0 -0.49269857867 2.17400998658 0.0 0.0
1.0 2.6340072088 -2.59767045549 0.0 0.0
1.0 2.5606901138 2.45130114145 0.0 0.0
1.0 0.251859212583 1.42136096613 0.0 0.0
1.0 0.0593086187009 1.50383494355 0.0 0.0
1.0 -0.0437642577464 -2.34210994027 0.0 0.0
1.0 1.5346198316 -1.08986458296 0.0 0.0
1.0 0.774044087414 -0.52562219862 0.0 0.0
1.0 0.253611766172 -1.63100919483 0.0 0.0
1.0 1.49698488802 2.42116802881 0.0 0.0
1.0 0.78010006178 -2.39541467649 0.0 0.0
1.0 -1.14520506419 1.46481861934 0.0 0.0
1.0 1.18568841179 -1.5146367805 0.0 0.0
1.0 -0.0405836257023 1.10372470327 0.0 0.0
1.0 1.49452948808 -0.344297647599 0.0 0.0
1.0 -0.631388575949 1.60261002692 0.0 0.0
1.0 2.75866910817 2.17827355361 0.0 0.0
1.0 1.9538245693 1.2598112089 0.0 0.0
1.0 0.876440331499 -2.64397272316 0.0 0.0
1.0 -2.48757361217 0.25104306172 0.0 0.0
1.0 0.623596857554 -1.19637865245 0.0 0.0
1.0 -1.82986889151 -2.4419090219 0.0 0.0
1.0 -2.88954936278 -2.52616286425 0.0 0.0
1.0 -0.625246142957 1.85079166354 0.0 0.0
1.0 2.18396825286 -0.958555966507 0.0 0.0
1.0 2.26720284884 -2.15087667344 0.0 0.0
1.0 -0.826395557426 -2.10657820173 0.0 0.0
1.0 0.36416797066 -0.907215157797 0.0 0.0
1.0 -2.37113265186 -0.768991959854 0.0 0.0
1.0 0.269839837681 -1.08488549823 0.0 0.0
1.0 1.64096547084 -0.282843950001 0.0 0.0
1.0 -1.59495019709 -1.83288373521 0.0 0.0
1.0 -1.21361939256 1.11398129199 0.0 0.0
1.0 -2.57541728286 2.43603390699 0.0 0.0
1.0 0.506522668669 0.504538922635 0.0 0.0
1.0 -0.765469413822 -1.08437027448 0.0 0.0
1.0 -2.90082401987 -2.955794096 0.0 0.0
1.0 2.32020699081 0.72474245011 0.0 0.0
1.0 -0.159562033769 0.610664338309 0.0 0.0
1.0 -2.3215763354 -2.4303288538 0.0 0.0
1.0 0.107518186518 1.2737162405 0.0 0.0
1.0 -2.13435518012 -1.82206600639 0.0 0.0
1.0 -0.0149051203628 -2.42214918858 0.0 0.0
1.0 1.87441245561 -0.61824817597 0.0 0.0
1.0 -2.34603985682 2.9899982452 0.0 0.0
1.0 -2.59104167384 1.88904960107 0.0 0.0
1.0 1.77348797831 -2.76341278149 0.0 0.0
1.0 1.5189466873 2.35776937191 0.0 0.0
1.0 0.158240241167 -2.97729475088 0.0 0.0
1.0 -2.21178413747 2.08131988354 0.0 0.0
1.0 -1.19738917879 0.881058567459 0.0 0.0
1.0 2.68692742465 1.20944716881 0.0 0.0
1.0 -1.61654846572 2.3189063359 0.0 0.0
1.0 -0.2750871777 -2.71134208425 0.0 0.0
1.0 2.99166370787 -0.746417986156 0.0 0.0
1.0 -2.78159392819 -0.637144570784 0.0 0.0
1.0 -0.484354587808 -1.96060668938 0.0 0.0
1.0 -1.40635445723 0.403897841 0.0 0.0
1.0 2.22039122156 -2.40014331567 0.0 0.0
1.0 -2.04576114369 -1.3749221665 0.0 0.0
1.0 2.96673424021 2.07890243291 0.0 0.0
1.0 -2.8594883067 2.88315330146 0.0 0.0
1.0 2.74277572999 -2.88776733625 0.0 0.0
1.0 -2.91714927973 -1.65631748446 0.0 0.0
1.0 -1.05479850666 -1.40741940964 0.0 0.0
1.0 0.36838174637 2.00689508748 0.0 0.0
1.0 0.409939319807 -1.03787837357 0.0 0.0
1.0 -2.51037665948 -1.47670710948 0.0 0.0
1.0 -2.35167650359 0.237109187049 0.0 0.0
1.0 2.95411850663 0.080008820241 0.0 0.0
1.0 -2.25053074698 0.0640594017583 0.0 0.0
1.0 -2.54437965158 2.71288470283 0.0 0.0
1.0 2.69710789289 0.0602215081769 0.0 0.0
1.0 0.040149532429 -0.00918003717881 0.0 0.0
1.0 1.0195086658 -2.62590154453 0.0 0.0
1.0 2.72640818446 1.42692286661 0.0 0.0
1.0 1.498469379 1.50310424242 0.0 0.0
1.0 -2.84091426963 1.47127640102 0.0 0.0
1.0 1.52490389103 -2.36867188042 0.0 0.0
1.0 2.99320030654 -0.0972650003104 0.0 0.0
1.0 2.87025934491 -0.223994126043 0.0 0.0
1.0 -0.141528202448 -0.918136926229 0.0 0.0
1.0 0.86659258567 2.79535389721 0.0 0.0
1.0 2.17620391382 2.64386987893 0.0 0.0
1.0 -2.40458745417 -0.646677764731 0.0 0.0
1.0 2.32686830472 2.90318048285 0.0 0.0
1.0 -0.814794118948 2.09819166261 0.0 0.0
1.0 -2.64308379722 2.84830311079 0.0 0.0
1.0 2.2587152213 2.77456307746 0.0 0.0
1.0 2.93873359351 0.887437699119 0.0 0.0
1.0 2.37148687319 -2.79716441417 0.0 0.0
1.0 2.60054916794 1.47663716369 0.0 0.0
1.0 -1.79524434943 1.08214006048 0.0 0.0
1.0 0.885929117171 0.882418881564 0.0 0.0
1.0 0.654747560212 -2.35117212065 0.0 0.0
1.0 1.67022116681 -1.2968007943 0.0 0.0
1.0 -0.518803827163 -2.6640730854 0.0 0.0
1.0 -1.14547134509 -1.92738286626 0.0 0.0
1.0 -2.86595220323 -2.83818603427 0.0 0.0
1.0 0.294234107932 -2.33038388979 0.0 0.0
1.0 -0.316775665939 -2.00536822465 0.0 0.0
1.0 1.67458687368 -1.26832145052 0.0 0.0
1.0 1.44786998121 -1.73288793518 0.0 0.0
1.0 0.895622682924 -1.11970245071 0.0 0.0
1.0 -2.28660914709 1.00431827094 0.0 0.0
1.0 1.37337942087 -0.76372802144 0.0 0.0
1.0 -1.89523300228 0.0815349436828 0.0 0.0
1.0 2.0368967053 -2.06365198889 0.0 0.0
1.0 -2.93629145966 2.78366561156 0.0 0.0
1.0 0.503735477737 1.24824548918 0.0 0.0
1.0 -1.85928196736 -1.82073118207 0.0 0.0
1.0 -0.296881821534 0.319954814034 0.0 0.0
1.0 -1.91831852477 1.92697102882 0.0 0.0
1.0 2.59960265446 -0.335143555601 0.0 0.0
1.0 -2.97400155898 -1.7790233148 0.0 0.0
1.0 0.148132564154 2.43651132351 0.0 0.0
1.0 2.12652055759 0.850397450079 0.0 0.0
1.0 -2.0093006282 1.86610896317 0.0 0.0
1.0 1.20704091535 1.84545465052 0.0 0.0
1.0 -2.26067157449 -2.91463953147 0.0 0.0
1.0 1.35467056748 2.79464723053 0.0 0.0
1.0 0.167622580391 1.67028457326 0.0 0.0
1.0 -0.497349467777 0.798435373257 0.0 0.0
1.0 -2.98496447239 -0.834626703166 0.0 0.0
1.0 0.18914583246 0.271997921528 0.0 0.0
1.0 -2.25374256075 2.26248501525 0.0 0.0
1.0 -2.93462617196 1.90213879591 0.0 0.0
1.0 -0.322459081417 -0.550662843853 0.0 0.0
1.0 -0.803066565621 2.63804434282 0.0 0.0
1.0 2.6761162524 2.70980637847 0.0 0.0
1.0 -2.4404937618 -1.01067465652 0.0 0.0
1.0 -2.45822918984 0.297940706184 0.0 0.0
1.0 -0.927277646751 -1.63398201811 0.0 0.0
1.0 0.156760415846 2.10223678553 0.0 0.0
1.0 0.355911119468 1.93779277592 0.0 0.0
1.0 1.76354981989 -1.91467640105 0.0 0.0
1.0 -0.980587390704 1.30850194364 0.0 0.0
1.0 0.5802854782 1.94476481425 0.0 0.0
1.0 -1.49355413233 -1.63120688811 0.0 0.0
1.0 -2.99294463771 2.14511698836 0.0 0.0
1.0 -2.61124972813 2.60647334408 0.0 0.0
1.0 -1.98478507282 0.0944731575044 0.0 0.0
1.0 -2.16666372201 1.02144174245 0.0 0.0
1.0 0.716431783362 2.71056887977 0.0 0.0
1.0 1.46332294501 -2.14258153148 0.0 0.0
1.0 -2.19322995887 1.75072217451 0.0 0.0
1.0 1.9781722694 -1.00243369698 0.0 0.0
1.0 -2.91390597723 -0.920763264217 0.0 0.0
1.0 -0.351904244869 0.0969863167181 0.0 0.0
1.0 2.39606872621 0.368998994013 0.0 0.0
1.0 2.74078644635 -0.458604890481 0.0 0.0
1.0 -1.65944597451 -0.920320161473 0.0 0.0
1.0 1.97054218528 1.318502674 0.0 0.0
1.0 0.178970606561 -2.92323685745 0.0 0.0
1.0 1.92447175009 -2.46119572534 0.0 0.0
1.0 -2.8635261547 -0.788587923224 0.0 0.0
1.0 0.789350129955 2.34529643668 0.0 0.0
1.0 0.846129557863 -0.490862213175 0.0 0.0
1.0 -0.223601790114 2.06646950538 0.0 0.0
1.0 -1.33724512504 -0.813347102952 0.0 0.0
1.0 0.801150789949 0.255339113039 0.0 0.0
1.0 -1.85792713104 -0.0184870038825 0.0 0.0
1.0 1.13084688267 -0.0885690765225 0.0 0.0
1.0 1.99549407937 -0.479694736377 0.0 0.0
1.0 1.58837298912 -2.87832759565 0.0 0.0
1.0 -0.843605521921 -0.367538709627 0.0 0.0
1.0 -1.04646924314 1.83721886988 0.0 0.0
1.0 -0.290420194165 -0.27783322075 0.0 0.0
1.0 2.52064858544 -2.93280308586 0.0 0.0
1.0 1.03076724924 -1.22093971969 0.0 0.0
1.0 0.334231819036 1.51007376532 0.0 0.0
1.0 1.95845166003 -0.820075253637 0.0 0.0
1.0 -1.67844374567 -0.886603296937 0.0 0.0
1.0 -2.5320130223 2.47139133845 0.0 0.0
1.0 -1.5712636299 -0.787306777219 0.0 0.0
1.0 -2.6541841555 0.294605109177 0.0 0.0
1.0 -2.00104636098 1.06008204039 0.0 0.0
1.0 0.946740571319 0.439276835372 0.0 0.0
1.0 0.0621379317734 -1.0412137891 0.0 0.0
1.0 -2.02677859645 -1.52106462217 0.0 0.0
1.0 2.6790155049 2.55641503169 0.0 0.0
1.0 1.38765773589 -2.10697085663 0.0 0.0
1.0 1.27056645406 1.73851801008 0.0 0.0
1.0 -0.291718600394 -1.74765162394 0.0 0.0
1.0 -1.54571104039 0.765972141526 0.0 0.0
1.0 -1.11300403993 1.57718943162 0.0 0.0
1.0 2.60041157975 -2.3272069458 0.0 0.0
1.0 -2.61599598749 -2.81860306786 0.0 0.0
1.0 -1.49199937487 -0.535600043385 0.0 0.0
1.0 -1.18123336567 -1.72357444081 0.0 0.0
1.0 -1.29127538053 -0.212327209654 0.0 0.0
1.0 1.36229140034 -0.278241376234 0.0 0.0
1.0 0.808663881189 -1.1627305294 0.0 0.0
1.0 0.597102454144 1.64848580048 0.0 0.0
1.0 -0.265287031101 0.103875314744 0.0 0.0
1.0 -0.302425181825 -2.58798124179 0.0 0.0
1.0 -0.241001135006 1.56122656353 0.0 0.0
1.0 -2.92966225408 0.281424432271 0.0 0.0
1.0 0.324302561975 0.919672485514 0.0 0.0
1.0 0.392202530243 2.62001507425 0.0 0.0
1.0 -0.323946239605 2.97480475932 0.0 0.0
1.0 -2.48527044733 0.666833118759 0.0 0.0
1.0 1.70200104193 -0.375304908484 0.0 0.0
1.0 -0.819040435366 1.39933673143 0.0 0.0
1.0 1.18669318694 2.10427842913 0.0 0.0
1.0 0.53233269487 0.761631634268 0.0 0.0
1.0 -2.5808501451 -0.537948746979 0.0 0.0
1.0 -0.792237624884 2.55098622038 0.0 0.0
1.0 -1.24007631826 -1.93618881573 0.0 0.0
1.0 -2.67692042867 1.60420801441 0.0 0.0
1.0 2.85116354113 0.196606278232 0.0 0.0
1.0 1.62492311592 2.58349132708 0.0 0.0
1.0 -1.40071192408 -1.43583858118 0.0 0.0
1.0 2.80366072967 0.853690946527 0.0 0.0
1.0 -1.64243080626 0.701509938062 0.0 0.0
1.0 2.02643711064 0.281796922924 0.0 0.0
1.0 -1.66534890391 1.93775382968 0.0 0.0
1.0 -2.98131451597 2.123047586 0.0 0.0
1.0 1.29940042513 -1.92337140011 0.0 0.0
